### CAPTURED_AT
2026-09-01T14:03:59Z
### UPTIME
2026-09-01 05:33:27
30632.10 121850.24
### SYSSTAT_FILES
total 5124
-rw-r--r-- 1 root root 113324 Sep  1 14:00 sa01
-rw-r--r-- 1 root root 121012 Aug 23 23:50 sa23
-rw-r--r-- 1 root root 293704 Aug 24 23:50 sa24
-rw-r--r-- 1 root root 293788 Aug 25 23:50 sa25
-rw-r--r-- 1 root root 305296 Aug 26 23:50 sa26
-rw-r--r-- 1 root root 223324 Aug 27 23:50 sa27
-rw-r--r-- 1 root root 317896 Aug 28 23:50 sa28
-rw-r--r-- 1 root root  31896 Aug 29 02:10 sa29
-rw-r--r-- 1 root root 309124 Aug 30 23:50 sa30
-rw-r--r-- 1 root root 218896 Aug 31 16:20 sa31
-rw-r--r-- 1 root root 192798 Aug 24 00:07 sar23
-rw-r--r-- 1 root root 468081 Aug 25 00:07 sar24
-rw-r--r-- 1 root root 467974 Aug 26 00:07 sar25
-rw-r--r-- 1 root root 483198 Aug 27 00:07 sar26
-rw-r--r-- 1 root root 352166 Aug 28 00:07 sar27
-rw-r--r-- 1 root root 499182 Aug 29 00:07 sar28
-rw-r--r-- 1 root root 485272 Aug 31 00:07 sar30
### SAR_r_SA01
Linux 6.8.0-138-generic (pgain-nuc) 	09/01/26 	_x86_64_	(4 CPU)

05:33:33     LINUX RESTART	(4 CPU)

05:40:12    kbmemfree   kbavail kbmemused  %memused kbbuffers  kbcached  kbcommit   %commit  kbactive   kbinact   kbdirty
05:50:01     22360208  27274584   4988244     15.23     54628   5234656   5392136     14.59   5099016   4966608        12
06:00:02     22321600  27270940   4990092     15.24     55924   5267944   5616628     15.20   5122700   4987400        72
06:10:02     22332524  27283220   4977612     15.20     56836   5268460   5616628     15.20   5122352   4988732        64
06:20:01     22335584  27287444   4973292     15.18     57736   5268800   5616628     15.20   5122508   4989876        12
06:30:24     22339632  27292952   4967592     15.17     58676   5269428   5616628     15.20   5122708   4991316        32
06:40:22     22306064  27262372   4997824     15.26     59600   5271604   5616628     15.20   5124156   4993136         0
06:50:01     22309868  27267304   4992840     15.24     60444   5271948   5616628     15.20   5124272   4994248        12
07:00:12     22318008  27277040   4982940     15.21     61360   5272744   5616632     15.20   5124688   4995688        16
07:10:24     22322380  27282804   4977040     15.20     62280   5273336   5616632     15.20   5124892   4997064         4
07:20:01     22324208  27285808   4973868     15.19     63160   5273696   5616632     15.20   5125008   4998208        12
07:30:02     22331836  27294772   4964740     15.16     64064   5274232   5616632     15.20   5125144   4999528       104
07:40:20     22332960  27297252   4962120     15.15     64992   5274764   5616632     15.20   5125296   5000868        32
07:50:01     22327928  27293404   4965872     15.16     65872   5275124   5616632     15.20   5125388   5002028        68
08:00:17     22333788  27300776   4958304     15.14     66800   5275808   5616632     15.20   5125472   5003520        12
08:10:02     22335848  27304272   4954612     15.13     67688   5276484   5616632     15.20   5125656   5004932        12
08:20:01     21431728  27288300   4967824     15.17     68660   6161780   5616816     15.20   6007036   5011356        88
08:30:12     21429576  27287500   4968496     15.17     69564   6162300   5616816     15.20   6008012   5012676        76
08:40:24     21436948  27296252   4959596     15.14     70492   6162832   5616816     15.20   6008608   5014032        76
08:50:01     21436332  27296812   4958976     15.14     71364   6163172   5616816     15.20   6008540   5015192        88
09:00:24     21427808  27289684   4965996     15.16     72308   6163712   5616816     15.20   6008940   5016560       172
09:10:02     21425632  27288788   4966708     15.16     73196   6164192   5616816     15.20   6009036   5017828        88
09:20:01     21421620  27286012   4969404     15.17     74092   6164544   5616816     15.20   6009092   5019040        20
09:30:24     21419900  27285652   4969624     15.17     75020   6165044   5616816     15.20   6009212   5020380        16
09:40:24     21424384  27291584   4963580     15.16     75908   6165676   5616816     15.20   6009504   5021684        36
09:50:01     21391232  27270456   4978076     15.20     79420   6168252   5616816     15.20   6010212   5027100        36
10:00:24     21396360  27277180   4971216     15.18     80340   6168996   5616816     15.20   6010316   5028676        24
10:10:12     21399928  27282100   4966116     15.16     81244   6169508   5616816     15.20   6010400   5030004        12
10:20:02     21396668  27280040   4968080     15.17     82132   6169856   5616816     15.20   6010468   5031188        12
10:30:02     21400820  27285512   4962440     15.15     83044   6170344   5616816     15.20   6010580   5032484         0
10:40:24     21397204  27283272   4964544     15.16     83988   6170860   5616816     15.20   6010708   5033836         4
10:50:02     21394488  27281660   4966092     15.16     84888   6171116   5616816     15.20   6010788   5034916        72
11:00:24     21389240  27277760   4969912     15.17     85808   6171608   5616816     15.20   6010900   5036248        12
11:10:02     21369692  27264152   4983060     15.21     87168   6175868   5616816     15.20   6011676   5041144        12
11:20:02     21372548  27268276   4978852     15.20     88064   6176268   5616816     15.20   6011840   5042272        56
11:30:12     21375392  27272404   4974620     15.19     88984   6176676   5616816     15.20   6011912   5043536        32
11:40:24     21380692  27279012   4967868     15.17     89896   6177128   5616816     15.20   6012064   5044820        24
11:50:00     21375260  27274692   4972132     15.18     90768   6177412   5616816     15.20   6012112   5045912         0
12:00:24     21377080  27277840   4968856     15.17     91696   6177896   5616816     15.20   6012680   5047220       108
12:10:12     21377032  27279108   4967504     15.17     92592   6178348   5616816     15.20   6012816   5048516        96
12:20:02     21371660  27274868   4971676     15.18     93480   6178600   5616816     15.20   6012852   5049632        12
12:30:12     21367464  27271968   4974456     15.19     94384   6179084   5616816     15.20   6012980   5050912        88
12:40:24     21376028  27281832   4964432     15.16     95304   6179508   5616816     15.20   6013068   5052188        88
12:50:02     21374556  27281544   4964612     15.16     96184   6179852   5616816     15.20   6013140   5053348        96
13:00:24     21378424  27286740   4959304     15.14     97128   6180308   5616816     15.20   6013240   5054660        12
13:10:12     21381180  27290800   4955148     15.13     98008   6180788   5616816     15.20   6013144   5055940         0
13:20:02     21378196  27288900   4956972     15.13     98856   6181052   5616816     15.20   6013188   5057008        28
13:30:02     21380008  27292124   4953628     15.12     99784   6181572   5616816     15.20   6013072   5058404        20
13:40:24     21380116  27293480   4952172     15.12    100696   6181944   5616816     15.20   6013132   5059628        32
13:50:00     21374940  27291616   4954056     15.13    101604   6184332   5616816     15.20   6015148   5060916      3544
14:00:24     21333392  27262308   4983052     15.21    102708   6195404   5616816     15.20   6025820   5062476       912
Average:     21673519  27283103   4969321     15.17     78777   5902497   5612270     15.19   5744910   5024898       129
### SAR_W_SA01
Linux 6.8.0-138-generic (pgain-nuc) 	09/01/26 	_x86_64_	(4 CPU)

05:33:33     LINUX RESTART	(4 CPU)

05:40:12     pswpin/s pswpout/s
05:50:01         0.00      0.00
06:00:02         0.00      0.00
06:10:02         0.00      0.00
06:20:01         0.00      0.00
06:30:24         0.00      0.00
06:40:22         0.00      0.00
06:50:01         0.00      0.00
07:00:12         0.00      0.00
07:10:24         0.00      0.00
07:20:01         0.00      0.00
07:30:02         0.00      0.00
07:40:20         0.00      0.00
07:50:01         0.00      0.00
08:00:17         0.00      0.00
08:10:02         0.00      0.00
08:20:01         0.00      0.00
08:30:12         0.00      0.00
08:40:24         0.00      0.00
08:50:01         0.00      0.00
09:00:24         0.00      0.00
09:10:02         0.00      0.00
09:20:01         0.00      0.00
09:30:24         0.00      0.00
09:40:24         0.00      0.00
09:50:01         0.00      0.00
10:00:24         0.00      0.00
10:10:12         0.00      0.00
10:20:02         0.00      0.00
10:30:02         0.00      0.00
10:40:24         0.00      0.00
10:50:02         0.00      0.00
11:00:24         0.00      0.00
11:10:02         0.00      0.00
11:20:02         0.00      0.00
11:30:12         0.00      0.00
11:40:24         0.00      0.00
11:50:00         0.00      0.00
12:00:24         0.00      0.00
12:10:12         0.00      0.00
12:20:02         0.00      0.00
12:30:12         0.00      0.00
12:40:24         0.00      0.00
12:50:02         0.00      0.00
13:00:24         0.00      0.00
13:10:12         0.00      0.00
13:20:02         0.00      0.00
13:30:02         0.00      0.00
13:40:24         0.00      0.00
13:50:00         0.00      0.00
14:00:24         0.00      0.00
Average:         0.00      0.00
### SAR_B_SA01
Linux 6.8.0-138-generic (pgain-nuc) 	09/01/26 	_x86_64_	(4 CPU)

05:33:33     LINUX RESTART	(4 CPU)

05:40:12     pgpgin/s pgpgout/s   fault/s  majflt/s  pgfree/s pgscank/s pgscand/s pgsteal/s    %vmeff
05:50:01       120.50     18.39     89.39      0.10     64.19      0.00      0.00      0.00      0.00
06:00:02        55.03     45.72    126.86      0.27    116.38      0.00      0.00      0.00      0.00
06:10:02         0.16     15.25     32.56      0.00     21.97      0.00      0.00      0.00      0.00
06:20:01         0.11     15.17     31.77      0.00     21.19      0.00      0.00      0.00      0.00
06:30:24         0.29     15.30     34.77      0.00     23.27      0.00      0.00      0.00      0.00
06:40:22         2.82     16.27     99.50      0.03     66.89      0.00      0.00      0.00      0.00
06:50:01         0.11     15.83     30.55      0.00     20.34      0.00      0.00      0.00      0.00
07:00:12         0.36     16.00     37.30      0.00     24.67      0.00      0.00      0.00      0.00
07:10:24         0.18     15.28     31.91      0.00     21.41      0.00      0.00      0.00      0.00
07:20:01         0.14     15.78     31.71      0.00     21.10      0.00      0.00      0.00      0.00
07:30:02         0.17     15.75     35.54      0.00     23.62      0.00      0.00      0.00      0.00
07:40:20         0.18     15.32     32.93      0.00     21.95      0.00      0.00      0.00      0.00
07:50:01         0.17     15.85     30.45      0.00     20.29      0.00      0.00      0.00      0.00
08:00:17         0.43     16.35     33.06      0.00     22.01      0.00      0.00      0.00      0.00
08:10:02         0.41     15.71     32.19      0.00     21.44      0.00      0.00      0.00      0.00
08:20:01      1454.90     23.79    440.33     12.44    363.11      0.00      0.00      0.00      0.00
08:30:12         0.21     15.01     33.61      0.00     22.20      0.00      0.00      0.00      0.00
08:40:24         0.18     15.58     35.12      0.00     23.16      0.00      0.00      0.00      0.00
08:50:01         0.11     15.68     30.70      0.00     20.40      0.00      0.00      0.00      0.00
09:00:24         0.18     15.25     32.63      0.00     21.88      0.00      0.00      0.00      0.00
09:10:02         0.18     15.53     35.55      0.00     23.71      0.00      0.00      0.00      0.00
09:20:01         0.11     15.50     31.77      0.00     21.18      0.00      0.00      0.00      0.00
09:30:24         0.21     15.88     32.73      0.00     21.81      0.00      0.00      0.00      0.00
09:40:24         0.19     15.82     32.75      0.00     21.81      0.00      0.00      0.00      0.00
09:50:01         8.22     20.97     35.49      0.01     24.56      0.00      0.00      0.00      0.00
10:00:24         0.54     15.08     32.70      0.00     21.88      0.00      0.00      0.00      0.00
10:10:12         0.18     15.58     33.35      0.00     22.26      0.00      0.00      0.00      0.00
10:20:02         0.15     15.27     31.13      0.00     20.63      0.00      0.00      0.00      0.00
10:30:02         0.15     15.54     32.65      0.00     21.65      0.00      0.00      0.00      0.00
10:40:24         0.15     15.63     32.84      0.00     21.84      0.00      0.00      0.00      0.00
10:50:02         0.08     15.37     30.65      0.00     20.39      0.00      0.00      0.00      0.00
11:00:24         0.18     15.95     35.62      0.00     23.60      0.00      0.00      0.00      0.00
11:10:02         7.67     16.07     53.73      0.01     39.95      0.00      0.00      0.00      0.00
11:20:02         0.07     16.17     34.85      0.00     23.08      0.00      0.00      0.00      0.00
11:30:12         0.09     16.01     32.08      0.00     21.40      0.00      0.00      0.00      0.00
11:40:24         0.14     15.43     33.30      0.00     22.15      0.00      0.00      0.00      0.00
11:50:00         0.08     15.49     30.73      0.00     20.46      0.00      0.00      0.00      0.00
12:00:24         0.14     15.54     33.05      0.00     21.78      0.00      0.00      0.00      0.00
12:10:12         0.16     15.30     31.99      0.00     21.36      0.00      0.00      0.00      0.00
12:20:02         0.05     16.05     32.38      0.00     21.49      0.00      0.00      0.00      0.00
12:30:12         0.17     15.59     32.11      0.00     21.41      0.00      0.00      0.00      0.00
12:40:24         0.12     15.13     33.20      0.00     22.16      0.00      0.00      0.00      0.00
12:50:02         0.15     16.14     30.69      0.00     20.41      0.00      0.00      0.00      0.00
13:00:24         0.12     16.55     35.64      0.00     23.63      0.00      0.00      0.00      0.00
13:10:12         0.20     15.13     32.00      0.00     21.49      0.00      0.00      0.00      0.00
13:20:02         0.07     15.94     35.43      0.00     23.38      0.00      0.00      0.00      0.00
13:30:02         0.25     16.08     32.69      0.00     21.97      0.00      0.00      0.00      0.00
13:40:24         0.05     15.48     32.73      0.00     21.78      0.00      0.00      0.00      0.00
13:50:00         0.31     39.96     38.14      0.01     20.60      0.00      0.00      0.00      0.00
14:00:24         0.20    162.97    173.46      0.04    107.04      0.00      0.00      0.00      0.00
Average:        33.04     20.10     48.84      0.26     34.48      0.00      0.00      0.00      0.00
### SAR_r_SA31
Linux 6.8.0-138-generic (pgain-nuc) 	08/31/26 	_x86_64_	(4 CPU)

00:00:05    kbmemfree   kbavail kbmemused  %memused kbbuffers  kbcached  kbcommit   %commit  kbactive   kbinact   kbdirty
00:10:05       273148   2043512  30178828     92.14     85644   2038268  30634440     82.92  19780636  12309156        92
00:20:05       270976   2042584  30179780     92.15     86540   2038580  30634440     82.92  19780524  12310340        96
00:30:04       268260   2041120  30181208     92.15     87452   2038936  30634440     82.92  19780712  12311576        16
00:40:05       284884   2014968  30206580     92.23    118060   1965136  30634440     82.92  19785280  12263460        68
00:50:05       293416   2025944  30195592     92.20    120012   1965604  30634440     82.92  19785384  12265792        20
01:00:03       302540   2036380  30185076     92.16    120940   1966016  30634440     82.92  19785416  12267088        16
01:10:05       303744   2038844  30182576     92.16    121840   1966352  30634440     82.92  19785292  12268332       180
01:20:05       302636   2038892  30182532     92.16    122744   1966604  30634440     82.92  19785312  12269472       192
01:30:05       296276   2033820  30187592     92.17    123648   1966992  30634440     82.92  19785452  12270744        24
01:40:03       292748   2031552  30189816     92.18    124552   1967364  30634440     82.92  19785468  12271988       124
01:50:05       292276   2032236  30189092     92.18    125448   1967596  30634440     82.92  19785412  12273128         8
02:00:05       390936   2067492  30153420     92.07    124120   1905372  30781532     83.31  19791500  12137688        20
02:10:05       394352   2072160  30148736     92.05    125024   1905712  30781532     83.31  19791500  12138924        92
02:20:05       395616   2074744  30146124     92.04    125920   1906140  30781532     83.31  19791524  12140104       168
02:30:05       405520   2086332  30134412     92.01    126832   1906936  30781532     83.31  19792216  12141376        16
02:40:03       416444   2098504  30122224     91.97    127720   1907276  30781532     83.31  19792216  12142608        84
02:50:05       419244   2102460  30118264     91.96    128608   1907528  30781532     83.31  19792228  12143748        96
03:00:05       418308   2102872  30117804     91.96    129512   1907980  30781532     83.31  19792256  12145080        96
03:10:01       417252   2103124  30117488     91.96    130392   1908444  30781532     83.31  19792360  12146300       324
03:20:03       414008   2101076  30119532     91.96    131288   1908728  30781532     83.31  19792360  12147480        88
03:30:05       421388   2109860  30110604     91.94    132192   1909268  30781532     83.31  19792492  12148804        16
03:40:05       417676   2107488  30112920     91.94    133096   1909712  30781532     83.31  19792524  12150124        12
03:50:05       412996   2104168  30115992     91.95    134116   1910256  30783280     83.32  19793404  12151252       188
04:00:03       530476   2294540  29925900     91.37     64448   2051432  30781660     83.31  20695024  11111204        84
04:10:05       534004   2299440  29920984     91.36     65344   2051904  30781660     83.31  20695032  11112564        92
04:20:02       537828   2304520  29915880     91.34     66228   2052256  30781660     83.31  20695084  11113756         4
04:30:05       543948   2312032  29908320     91.32     67132   2052740  30781660     83.31  20695072  11115132        92
04:40:03       540596   2309980  29910356     91.32     68028   2053116  30781660     83.31  20695108  11116416       124
04:50:05       498368   2273952  29946228     91.43     71852   2055484  30781660     83.31  20695920  11121800       148
05:00:05       508016   2300004  29917176     91.35     74804   2066164  30781664     83.31  20706076  11125384        88
05:10:05       503592   2297232  29919912     91.35     75748   2066824  30787228     83.33  20708492  11126788         0
05:20:03       476120   2275800  29941308     91.42     76752   2071852  30781664     83.31  20706296  11132780       104
05:30:05       483120   2284136  29933000     91.39     77648   2072284  30781664     83.31  20706124  11134092        96
05:40:03       490020   2292292  29924756     91.37     78536   2072672  30781664     83.31  20706364  11135328        20
05:50:05       488204   2291752  29925244     91.37     79448   2072988  30781664     83.31  20706240  11136584       224
06:00:05       486548   2291612  29925336     91.37     80344   2073608  30781664     83.31  20706544  11137928        24
06:10:05       490620   2297112  29919780     91.35     81240   2074132  30781664     83.31  20706656  11139236        28
06:20:03       492188   2299892  29916968     91.34     82128   2074448  30781664     83.31  20706628  11140432        72
06:30:05       493064   2302276  29914624     91.34     83056   2075012  30781664     83.31  20706684  11141924        20
06:40:05       495184   2305684  29911080     91.33     83960   2075400  30781664     83.31  20706672  11143192        72
06:50:05       487644   2299312  29917448     91.35     84856   2075648  30781664     83.31  20706576  11144340       168
07:00:05       495760   2308760  29907988     91.32     85768   2076064  30781664     83.31  20706724  11145648       108
07:10:05       499264   2313468  29903212     91.30     86648   2076404  30781664     83.31  20706708  11146836        16
07:20:05       495412   2311008  29905632     91.31     87552   2076892  30781664     83.31  20706948  11148024        16
07:30:05       492464   2309424  29907248     91.31     88440   2077340  30781664     83.31  20706964  11149364       224
07:40:05       488616   2308096  29908520     91.32     89344   2079000  30781664     83.31  20708268  11150572        24
07:50:03       486740   2307472  29909172     91.32     90240   2079284  30781664     83.31  20708268  11151808        92
08:00:05       492088   2314156  29902424     91.30     91136   2079716  30781664     83.31  20708320  11153080        88
08:10:05       491940   2315396  29901128     91.30     92032   2080204  30781664     83.31  20708492  11154288        16
08:20:05       488864   2313652  29902860     91.30     92928   2080604  30781664     83.31  20708628  11155468        16
08:30:03       489992   2316080  29900420     91.29     93816   2081004  30781664     83.31  20708628  11156748       100
08:40:05       487380   2314756  29901720     91.30     94704   2081392  30781664     83.31  20708652  11158012        88
08:50:05       480124   2308728  29907704     91.32     95624   2081696  30781664     83.31  20708672  11159220       116
09:00:05       481660   2311716  29904676     91.31     96528   2082224  30781664     83.31  20708816  11160524        24
09:10:05       481908   2313336  29902972     91.30     97432   2082724  30781664     83.31  20708864  11161876       196
09:20:05       360068   2299612  29916844     91.34     99204   2188908  30781668     83.31  20814112  11164460       704
09:30:05       358828   2299908  29916516     91.34    100124   2189516  30781668     83.31  20814360  11165840        84
09:40:05       347828   2290216  29926220     91.37    101028   2189924  30781668     83.31  20814376  11167128        84
09:50:05       353704   2297248  29919080     91.35    101920   2190172  30781668     83.31  20814408  11168268        16
10:00:05       361572   2306432  29909848     91.32    102832   2190568  30781668     83.31  20814428  11169564       312
10:10:05       364160   2310308  29905892     91.31    103736   2190956  30781668     83.31  20814444  11170836        92
10:20:05       362888   2310212  29906020     91.31    104616   2191244  30781668     83.31  20814460  11171996        16
10:30:05       342276   2290892  29925332     91.37    105512   2191648  30781668     83.31  20814448  11173272        88
10:40:05       346164   2296064  29920116     91.35    106408   2192048  30781668     83.31  20814508  11174544         0
10:50:05       347256   2302432  29913640     91.33    108844   2194872  30781668     83.31  20815228  11179068        24
11:00:05       342708   2299172  29916844     91.34    109740   2195268  30781668     83.31  20815232  11180332         0
11:10:05       347248   2305004  29911004     91.33    110644   2195636  30781668     83.31  20815292  11181552        84
11:20:05       349532   2308484  29907436     91.32    111548   2195912  30781668     83.31  20815336  11182724         0
11:30:05       349044   2309316  29906604     91.31    112452   2196320  30781668     83.31  20815348  11184028       116
11:40:00       352004   2313540  29902336     91.30    113380   2196680  30781668     83.31  20815388  11185276        80
11:50:05       347020   2309724  29906144     91.31    114252   2196968  30781668     83.31  20815360  11186428        68
12:00:05       343568   2307736  29908104     91.32    115164   2197520  30781668     83.31  20815540  11187748        16
12:10:05       349724   2315160  29900672     91.29    116068   2197872  30781668     83.31  20815560  11189000        92
12:20:05       345764   2312356  29903416     91.30    116988   2198104  30781668     83.31  20815560  11190140        20
12:30:05       342896   2310764  29904948     91.31    117888   2198480  30781668     83.31  20815552  11191400       172
12:40:05       343392   2312508  29903200     91.30    118792   2198812  30781668     83.31  20815448  11192632       176
12:50:05       340140   2310364  29905340     91.31    119672   2199024  30783296     83.32  20816688  11193728        28
13:00:05       342896   2314444  29901212     91.30    120600   2199420  30781668     83.31  20815480  11195032        24
13:10:05       338828   2311640  29904016     91.30    121504   2199760  30781668     83.31  20815384  11196280       120
13:20:01       279256   2300388  29915200     91.34    122440   2247100  30785076     83.32  20862600  11199052        92
13:30:05       276384   2314776  29816960     91.04    288332   1929500  30781868     83.32  20721716  11088128         0
13:40:05       274776   2314800  29816880     91.04    289228   1930284  30781868     83.32  20721860  11089620        24
13:50:05       351128   2350720  29805556     91.00    240276   1914676  30781868     83.32  20809996  10916920        24
14:00:05       357680   2358644  29797620     90.98    241160   1915192  30781868     83.32  20810036  10918268        88
14:10:05       358516   2360776  29795460     90.97    242056   1915612  30781868     83.32  20810152  10919564        88
14:20:05       353084   2356528  29799744     90.99    242960   1915884  30781868     83.32  20810160  10920748        92
14:30:05       355052   2359780  29796464     90.98    243864   1916280  30781868     83.32  20810172  10922032        88
14:40:05       358324   2364404  29791844     90.96    244760   1916728  30781868     83.32  20810300  10923256       120
14:50:05       358140   2365508  29790740     90.96    245640   1917128  30781868     83.32  20810300  10924528        92
15:00:05       356808   2365460  29790748     90.96    246544   1917508  30781868     83.32  20810300  10925812         4
15:10:05       361132   2371040  29785176     90.94    247448   1917852  30781868     83.32  20810304  10927068        16
15:20:05       354380   2365444  29790712     90.96    248328   1918132  30781868     83.32  20810304  10928224        96
15:30:05       356516   2368816  29787344     90.95    249216   1918496  30781868     83.32  20810312  10929460        20
15:40:05       362320   2375848  29780312     90.93    250136   1918808  30781868     83.32  20810316  10930688        88
15:50:05       355632   2370312  29785900     90.94    251032   1919052  30781868     83.32  20810196  10931840       236
16:00:03       352888   2369204  29786988     90.95    251936   1919788  30781868     83.32  20810468  10933112        96
16:10:05       353052   2370564  29785628     90.94    252816   1920124  30781868     83.32  20810696  10934308       116
16:20:05       351548   2370240  29785952     90.94    253688   1920424  30781868     83.32  20810476  10935488        88
Average:       397373   2258414  29947777     91.44    129941   2045995  30765287     83.27  20535996  11365656        87
### SAR_W_SA31
Linux 6.8.0-138-generic (pgain-nuc) 	08/31/26 	_x86_64_	(4 CPU)

00:00:05     pswpin/s pswpout/s
00:10:05         0.00      0.00
00:20:05         0.00      0.00
00:30:04         0.00      0.00
00:40:05         0.00      0.14
00:50:05         0.01      0.00
01:00:03         0.00      0.00
01:10:05         0.00      0.00
01:20:05         0.00      0.00
01:30:05         0.00      0.00
01:40:03         0.00      0.00
01:50:05         0.00      0.00
02:00:05         0.00     27.54
02:10:05         0.00      0.00
02:20:05         0.00      0.00
02:30:05         0.00      0.00
02:40:03         0.00      0.00
02:50:05         0.00      0.00
03:00:05         0.00      0.00
03:10:01         0.00      0.00
03:20:03         0.00      0.00
03:30:05         0.00      0.00
03:40:05         0.00      0.00
03:50:05         0.00      0.00
04:00:03         0.00     89.88
04:10:05         0.00      0.00
04:20:02         0.00      0.00
04:30:05         0.00      0.00
04:40:03         0.00      0.00
04:50:05         0.02      0.00
05:00:05         0.00      0.00
05:10:05         0.00      0.00
05:20:03         0.00      0.00
05:30:05         0.00      0.00
05:40:03         0.00      0.00
05:50:05         0.00      0.00
06:00:05         0.00      0.00
06:10:05         0.00      0.00
06:20:03         0.00      0.00
06:30:05         0.01      0.00
06:40:05         0.00      0.00
06:50:05         0.00      0.00
07:00:05         0.00      0.00
07:10:05         0.00      0.00
07:20:05         0.00      0.00
07:30:05         0.00      0.00
07:40:05         0.00      0.00
07:50:03         0.00      0.00
08:00:05         0.00      0.00
08:10:05         0.00      0.00
08:20:05         0.00      0.00
08:30:03         0.00      0.00
08:40:05         0.00      0.00
08:50:05         0.00      0.00
09:00:05         0.00      0.00
09:10:05         0.00      0.00
09:20:05         0.00      0.00
09:30:05         0.00      0.00
09:40:05         0.00      0.00
09:50:05         0.00      0.00
10:00:05         0.00      0.00
10:10:05         0.00      0.00
10:20:05         0.00      0.00
10:30:05         0.00      0.00
10:40:05         0.00      0.00
10:50:05         0.00      0.00
11:00:05         0.00      0.00
11:10:05         0.00      0.00
11:20:05         0.00      0.00
11:30:05         0.00      0.00
11:40:00         0.00      0.00
11:50:05         0.00      0.00
12:00:05         0.00      0.00
12:10:05         0.00      0.00
12:20:05         0.00      0.00
12:30:05         0.00      0.00
12:40:05         0.00      0.00
12:50:05         0.00      0.00
13:00:05         0.00      0.00
13:10:05         0.00      0.00
13:20:01         0.00      0.00
13:30:05         0.00     39.93
13:40:05         0.00      0.00
13:50:05         0.01      8.29
14:00:05         0.00      0.00
14:10:05         0.00      0.00
14:20:05         0.00      0.00
14:30:05         0.00      0.00
14:40:05         0.00      0.00
14:50:05         0.00      0.00
15:00:05         0.00      0.00
15:10:05         0.00      0.00
15:20:05         0.00      0.00
15:30:05         0.00      0.00
15:40:05         0.00      0.00
15:50:05         0.00      0.00
16:00:03         0.00      0.00
16:10:05         0.00      0.00
16:20:05         0.00      0.00
Average:         0.00      1.69
### SAR_B_SA31
Linux 6.8.0-138-generic (pgain-nuc) 	08/31/26 	_x86_64_	(4 CPU)

00:00:05     pgpgin/s pgpgout/s   fault/s  majflt/s  pgfree/s pgscank/s pgscand/s pgsteal/s    %vmeff
00:10:05         2.32     23.03    180.02      0.04    128.48      0.00      0.00      0.00      0.00
00:20:05         0.11     18.97     98.71      0.00     68.98      0.00      0.00      0.00      0.00
00:30:04         0.03     16.25     36.21      0.00     22.04      0.00      0.00      0.00      0.00
00:40:05        36.40     22.93     87.00      0.01    140.46     55.60      0.00    110.77    199.23
00:50:05         2.18     16.27     36.09      0.00     21.89      0.00      0.00      0.00      0.00
01:00:03         0.09     15.78     36.24      0.00     22.10      0.00      0.00      0.00      0.00
01:10:05         0.00     15.39     36.00      0.00     22.00      0.00      0.00      0.00      0.00
01:20:05         0.03     16.39     35.23      0.00     21.48      0.00      0.00      0.00      0.00
01:30:05         0.03     16.11     34.94      0.00     21.33      0.00      0.00      0.00      0.00
01:40:03         0.08     15.59     36.26      0.00     22.06      0.00      0.00      0.00      0.00
01:50:05         0.01     15.47     33.96      0.00     20.69      0.00      0.00      0.00      0.00
02:00:05         4.17    156.64    115.97      0.01    165.62     80.60      0.00    110.88    137.56
02:10:05         0.00     15.21     36.04      0.00     21.99      0.00      0.00      0.00      0.00
02:20:05         0.03     16.46     35.26      0.00     21.46      0.00      0.00      0.00      0.00
02:30:05         0.75     15.80     39.18      0.01     24.03      0.00      0.00      0.00      0.00
02:40:03         0.00     15.38     36.22      0.00     22.10      0.00      0.00      0.00      0.00
02:50:05         0.01     15.48     34.02      0.00     20.73      0.00      0.00      0.00      0.00
03:00:05         0.09     16.39     36.23      0.00     21.97      0.00      0.00      0.00      0.00
03:10:01         0.17     16.11     37.41      0.00     22.74      0.00      0.00      0.00      0.00
03:20:03         0.00     15.74     34.97      0.00     21.31      0.00      0.00      0.00      0.00
03:30:05         0.21     16.31     36.08      0.00     21.85      0.00      0.00      0.00      0.00
03:40:05         0.11     15.74     36.17      0.00     21.96      0.00      0.00      0.00      0.00
03:50:05         1.22     16.63     35.96      0.01     21.30      0.00      0.00      0.00      0.00
04:00:03       554.76    777.84    402.04      0.28    603.89   1207.00      0.00    401.70     33.28
04:10:05         0.02     15.78     36.11      0.00     21.88      0.00      0.00      0.00      0.00
04:20:02         0.09     16.10     35.38      0.00     21.18      0.00      0.00      0.00      0.00
04:30:05         0.03     15.77     38.98      0.00     23.53      0.00      0.00      0.00      0.00
04:40:03         0.00     15.12     36.17      0.00     21.82      0.00      0.00      0.00      0.00
04:50:05         8.06     18.47    113.98      0.05     80.02      0.00      0.00      0.00      0.00
05:00:05        20.09     22.87    183.59      0.20    131.98      0.00      0.00      0.00      0.00
05:10:05         0.45     22.46    202.11      0.02    149.51      0.00      0.00      0.00      0.00
05:20:03         8.06     16.35     52.55      0.01     37.76      0.00      0.00      0.00      0.00
05:30:05         0.03     15.18     35.94      0.00     21.64      0.00      0.00      0.00      0.00
05:40:03         0.03     15.45     36.26      0.00     21.71      0.00      0.00      0.00      0.00
05:50:05         0.00     15.83     34.04      0.00     20.37      0.00      0.00      0.00      0.00
06:00:05         0.29     16.02     39.20      0.00     23.67      0.00      0.00      0.00      0.00
06:10:05         0.19     15.67     36.18      0.00     21.70      0.00      0.00      0.00      0.00
06:20:03         0.00     15.80     35.29      0.00     21.14      0.00      0.00      0.00      0.00
06:30:05         0.27     17.05    104.70      0.00     67.91      0.00      0.00      0.00      0.00
06:40:05         0.01     15.33     36.07      0.00     21.71      0.00      0.00      0.00      0.00
06:50:05         0.00     15.85     34.13      0.00     20.50      0.00      0.00      0.00      0.00
07:00:05         0.04     15.99     39.22      0.00     23.70      0.00      0.00      0.00      0.00
07:10:05         0.01     15.04     36.12      0.00     21.76      0.00      0.00      0.00      0.00
07:20:05         0.24     16.38     35.30      0.01     21.08      0.00      0.00      0.00      0.00
07:30:05         0.01     15.54     36.17      0.00     21.87      0.00      0.00      0.00      0.00
07:40:05         2.07     17.05     36.53      0.03     21.98      0.00      0.00      0.00      0.00
07:50:03         0.00     16.86     37.56      0.00     22.64      0.00      0.00      0.00      0.00
08:00:05         0.07     15.18     35.92      0.00     21.94      0.00      0.00      0.00      0.00
08:10:05         0.28     15.33     36.12      0.00     21.92      0.00      0.00      0.00      0.00
08:20:05         0.00     16.04     35.23      0.00     21.32      0.00      0.00      0.00      0.00
08:30:03         0.00     16.48     36.44      0.00     22.02      0.00      0.00      0.00      0.00
08:40:05         0.04     15.35     36.08      0.00     21.85      0.00      0.00      0.00      0.00
08:50:05         0.01     16.52     37.35      0.00     22.60      0.00      0.00      0.00      0.00
09:00:05         0.01     16.93     36.36      0.00     21.93      0.00      0.00      0.00      0.00
09:10:05         0.09     16.21     39.35      0.00     23.96      0.00      0.00      0.00      0.00
09:20:05       177.71     29.61    829.54      1.58    573.01      0.00      0.00      0.00      0.00
09:30:05         0.05     17.80     67.00      0.00     46.83      0.00      0.00      0.00      0.00
09:40:05         0.01     17.04     72.60      0.00     50.54      0.00      0.00      0.00      0.00
09:50:05         0.01     17.55     94.05      0.00     67.90      0.00      0.00      0.00      0.00
10:00:05         0.00     15.49     36.12      0.00     21.79      0.00      0.00      0.00      0.00
10:10:05         0.00     15.00     36.04      0.00     21.70      0.00      0.00      0.00      0.00
10:20:05         0.03     16.99     35.41      0.00     21.19      0.00      0.00      0.00      0.00
10:30:05         0.01     16.67     75.20      0.00     49.80      0.00      0.00      0.00      0.00
10:40:05         0.08     15.43     36.21      0.00     22.03      0.00      0.00      0.00      0.00
10:50:05         6.21     22.43     42.00      0.01     26.89      0.00      0.00      0.00      0.00
11:00:05         0.03     15.79     36.19      0.00     22.04      0.00      0.00      0.00      0.00
11:10:05         0.10     15.31     36.17      0.00     22.01      0.00      0.00      0.00      0.00
11:20:05         0.03     16.27     35.32      0.00     21.43      0.00      0.00      0.00      0.00
11:30:05         0.00     15.89     36.20      0.00     21.99      0.00      0.00      0.00      0.00
11:40:00         0.07     14.82     34.77      0.00     21.18      0.00      0.00      0.00      0.00
11:50:05         0.00     16.22     38.60      0.00     23.35      0.00      0.00      0.00      0.00
12:00:05         0.04     16.29     36.26      0.00     21.86      0.00      0.00      0.00      0.00
12:10:05         0.01     15.51     36.22      0.00     21.70      0.00      0.00      0.00      0.00
12:20:05         0.01     16.22     35.26      0.00     21.11      0.00      0.00      0.00      0.00
12:30:05         0.02     15.19     36.10      0.00     21.68      0.00      0.00      0.00      0.00
12:40:05         0.01     15.04     36.08      0.00     21.73      0.00      0.00      0.00      0.00
12:50:05         0.00     15.31     34.95      0.00     20.44      0.00      0.00      0.00      0.00
13:00:05         0.03     16.22     38.18      0.00     23.63      0.00      0.00      0.00      0.00
13:10:05         0.00     15.16     36.11      0.00     21.86      0.00      0.00      0.00      0.00
13:20:01        78.92     23.18    221.28      0.75    164.75      0.00      0.00      0.00      0.00
13:30:05       310.41    248.89     63.83      0.00    328.04    218.51      0.00    364.05    166.61
13:40:05         0.39     16.22     37.86      0.00     22.77      0.00      0.00      0.00      0.00
13:50:05         4.23     50.65     70.53      0.01     86.17     43.82      0.00     73.52    167.78
14:00:05         0.01     15.98     36.16      0.00     21.72      0.00      0.00      0.00      0.00
14:10:05         0.04     15.37     34.77      0.00     20.82      0.00      0.00      0.00      0.00
14:20:05         0.00     15.90     35.21      0.00     21.09      0.00      0.00      0.00      0.00
14:30:05         0.01     15.45     36.07      0.00     21.68      0.00      0.00      0.00      0.00
14:40:05         0.00     15.85     36.17      0.00     21.77      0.00      0.00      0.00      0.00
14:50:05         0.19     15.80     37.19      0.00     22.35      0.00      0.00      0.00      0.00
15:00:05         0.00     15.76     36.12      0.00     21.74      0.00      0.00      0.00      0.00
15:10:05         0.00     15.88     39.21      0.00     23.64      0.00      0.00      0.00      0.00
15:20:05         0.00     15.49     35.15      0.00     21.12      0.00      0.00      0.00      0.00
15:30:05         0.00     16.13     36.21      0.00     21.79      0.00      0.00      0.00      0.00
15:40:05         0.00     15.59     36.12      0.00     21.74      0.00      0.00      0.00      0.00
15:50:05         0.00     15.64     34.13      0.00     20.47      0.00      0.00      0.00      0.00
16:00:03         0.30     15.98     36.23      0.01     21.89      0.00      0.00      0.00      0.00
16:10:05         0.01     15.07     35.98      0.00     21.69      0.00      0.00      0.00      0.00
16:20:05         0.00     15.63     35.14      0.00     21.09      0.00      0.00      0.00      0.00
Average:        12.47     28.46     60.54      0.03     47.91     16.36      0.00     10.84     66.23
### SADF_SA01_R
pgain-nuc;-1;2026-09-01 05:33:33 UTC;LINUX-RESTART	(4 CPU)
# hostname;interval;timestamp;kbmemfree;kbavail;kbmemused;%memused;kbbuffers;kbcached;kbcommit;%commit;kbactive;kbinact;kbdirty
pgain-nuc;589;2026-09-01 05:50:01 UTC;22360208;27274584;4988244;15.23;54628;5234656;5392136;14.59;5099016;4966608;12
pgain-nuc;601;2026-09-01 06:00:02 UTC;22321600;27270940;4990092;15.24;55924;5267944;5616628;15.20;5122700;4987400;72
pgain-nuc;600;2026-09-01 06:10:02 UTC;22332524;27283220;4977612;15.20;56836;5268460;5616628;15.20;5122352;4988732;64
pgain-nuc;599;2026-09-01 06:20:01 UTC;22335584;27287444;4973292;15.18;57736;5268800;5616628;15.20;5122508;4989876;12
pgain-nuc;623;2026-09-01 06:30:24 UTC;22339632;27292952;4967592;15.17;58676;5269428;5616628;15.20;5122708;4991316;32
pgain-nuc;598;2026-09-01 06:40:22 UTC;22306064;27262372;4997824;15.26;59600;5271604;5616628;15.20;5124156;4993136;0
### SADF_SA01_STAMPS
51
### SAR_SA01_STAMPS
52
### VMSTAT
nr_free_pages 5328691
nr_free_cma 0
pgdemote_kswapd 0
pgdemote_direct 0
pgdemote_khugepaged 0
pgsteal_kswapd 0
pgsteal_direct 0
pgsteal_khugepaged 0
pgscan_kswapd 0
pgscan_direct 0
pgscan_khugepaged 0
pgscan_direct_throttle 0
pgscan_anon 0
pgscan_file 0
pgsteal_anon 0
pgsteal_file 0
### TIMERS
NEXT                            LEFT LAST                              PASSED UNIT                           ACTIVATES
Tue 2026-09-01 14:10:00 UTC     5min Tue 2026-09-01 14:00:24 UTC 3min 35s ago sysstat-collect.timer          sysstat-collect.service
Tue 2026-09-01 14:18:27 UTC    14min Tue 2026-09-01 13:18:22 UTC    45min ago fwupd-refresh.timer            fwupd-refresh.service
Tue 2026-09-01 15:48:47 UTC 1h 44min Mon 2026-08-31 10:22:33 UTC            - apt-daily.timer                apt-daily.service
Tue 2026-09-01 18:31:21 UTC 4h 27min Tue 2026-09-01 11:09:24 UTC 2h 54min ago motd-news.timer                motd-news.service
Wed 2026-09-02 00:00:00 UTC       9h Tue 2026-09-01 05:33:33 UTC       8h ago dpkg-db-backup.timer           dpkg-db-backup.service
Wed 2026-09-02 00:00:00 UTC       9h Tue 2026-09-01 05:33:33 UTC       8h ago logrotate.timer                logrotate.service
Wed 2026-09-02 00:07:00 UTC      10h -                                      - sysstat-summary.timer          sysstat-summary.service
Wed 2026-09-02 03:41:06 UTC      13h Wed 2026-08-26 15:26:21 UTC            - update-notifier-motd.timer     update-notifier-motd.service
Wed 2026-09-02 05:38:42 UTC      15h Tue 2026-09-01 05:38:42 UTC       8h ago update-notifier-download.timer update-notifier-download.service
Wed 2026-09-02 05:48:28 UTC      15h Tue 2026-09-01 05:48:28 UTC       8h ago systemd-tmpfiles-clean.timer   systemd-tmpfiles-clean.service
Wed 2026-09-02 06:07:08 UTC      16h Tue 2026-09-01 06:39:39 UTC       7h ago apt-daily-upgrade.timer        apt-daily-upgrade.service
Wed 2026-09-02 06:22:46 UTC      16h Tue 2026-09-01 09:48:24 UTC 4h 15min ago man-db.timer                   man-db.service
Sun 2026-09-06 03:10:43 UTC   4 days Sun 2026-08-30 03:11:05 UTC            - e2scrub_all.timer              e2scrub_all.service
Mon 2026-09-07 00:12:14 UTC   5 days Mon 2026-08-31 00:30:33 UTC            - fstrim.timer                   fstrim.service
-                                  - -                                      - apport-autoreport.timer        apport-autoreport.service
-                                  - -                                      - snapd.snap-repair.timer        snapd.snap-repair.service
-                                  - -                                      - ua-timer.timer                 ua-timer.service

17 timers listed.
