### SYSSTAT_FILES
total 4976
drwxr-xr-x  2 root root     4096 Aug 31 00:07 .
drwxrwxr-x 11 root syslog   4096 Aug 30 00:32 ..
-rw-r--r--  1 root root   121012 Aug 23 23:50 sa23
-rw-r--r--  1 root root   293704 Aug 24 23:50 sa24
-rw-r--r--  1 root root   293788 Aug 25 23:50 sa25
-rw-r--r--  1 root root   305296 Aug 26 23:50 sa26
-rw-r--r--  1 root root   223324 Aug 27 23:50 sa27
-rw-r--r--  1 root root   317896 Aug 28 23:50 sa28
-rw-r--r--  1 root root    31896 Aug 29 02:10 sa29
-rw-r--r--  1 root root   309124 Aug 30 23:50 sa30
-rw-r--r--  1 root root   177096 Aug 31 13:10 sa31
-rw-r--r--  1 root root   192798 Aug 24 00:07 sar23
-rw-r--r--  1 root root   468081 Aug 25 00:07 sar24
-rw-r--r--  1 root root   467974 Aug 26 00:07 sar25
-rw-r--r--  1 root root   483198 Aug 27 00:07 sar26
-rw-r--r--  1 root root   352166 Aug 28 00:07 sar27
-rw-r--r--  1 root root   499182 Aug 29 00:07 sar28
-rw-r--r--  1 root root   485272 Aug 31 00:07 sar30
### SAR_R_SA30
Linux 6.8.0-138-generic (pgain-nuc) 	08/30/26 	_x86_64_	(4 CPU)

00:32:34     LINUX RESTART	(4 CPU)

00:40:05    kbmemfree   kbavail kbmemused  %memused kbbuffers  kbcached  kbcommit   %commit  kbactive   kbinact   kbdirty
00:50:05     22412620  27286376   4975972     15.19     53824   5195472   5455308     14.77   5071684   4960992         0
01:00:05     22320360  27267936   4993136     15.25     56160   5266268   5459568     14.78   5135336   4973060        36
01:10:05     22323384  27272160   4988792     15.23     57048   5266664   5459568     14.78   5135560   4974236        16
01:20:05     22328484  27278720   4982020     15.21     57948   5267356   5459568     14.78   5135836   4975688         8
01:30:05     22325888  27277504   4983024     15.21     58852   5267924   5459568     14.78   5136436   4977024       196
01:40:05     22329180  27282020   4978388     15.20     59764   5268292   5459568     14.78   5136548   4978228         0
01:50:05     22321684  27280724   4979120     15.20     61148   5272884   5459568     14.78   5137484   4983256        24
02:00:05     22333724  27294264   4965348     15.16     62060   5273572   5459568     14.78   5137988   4984732        40
02:10:05     22334780  27296504   4963012     15.15     62964   5273888   5459568     14.78   5138096   4985892        84
02:20:03     22332516  27295608   4963688     15.16     63868   5274488   5459568     14.78   5138396   4987240         8
02:30:05     22121060  27290856   4966048     15.16     71040   5472328   5477640     14.83   5343128   5001976       772
02:40:03     22113748  27285052   4971744     15.18     72120   5472812   5468832     14.80   5335948   5003348       492
02:50:01     22097996  27270844   4985748     15.22     73192   5473396   5468832     14.80   5336588   5004856       168
03:00:05     22093808  27268232   4988032     15.23     74300   5473932   5468832     14.80   5336736   5006400        84
03:10:01     22101388  27277252   4978908     15.20     75404   5474320   5468832     14.80   5337148   5007808        24
03:20:05     22094292  27272020   4983976     15.22     76500   5475160   5468832     14.80   5337224   5009440         0
03:30:00     22087260  27266596   4989064     15.23     77548   5475816   5468832     14.80   5337340   5010888       336
03:40:05     22097856  27278720   4976812     15.20     78652   5476304   5468832     14.80   5337664   5012268        88
03:50:05     22101160  27283676   4971668     15.18     79748   5476948   5468832     14.80   5337848   5013888        36
04:00:05     22081692  27265816   4989372     15.23     80836   5477556   5468832     14.80   5338084   5015348       544
04:10:00     22081524  27271980   4983008     15.21     81916   5482784   5468832     14.80   5343056   5016708      2460
04:20:05     22068352  27269732   4984876     15.22     83036   5492544   5471808     14.81   5353704   5018284       548
04:30:05     22069208  27272384   4982048     15.21     84124   5493308   5468832     14.80   5352696   5019784       184
04:40:05     22056564  27261192   4993140     15.25     85212   5493736   5468832     14.80   5352972   5021152       112
04:50:05     22057092  27263348   4990840     15.24     86284   5494400   5468832     14.80   5353244   5022632       616
05:00:05     22064948  27272856   4981204     15.21     87364   5495036   5468832     14.80   5353480   5024128        44
05:10:05     22054108  27263492   4990284     15.24     88428   5495496   5471808     14.81   5355076   5025444        28
05:20:05     22050964  27262040   4991620     15.24     89540   5496168   5468832     14.80   5354020   5026984        32
05:30:05     22069320  27282084   4971408     15.18     90636   5496880   5468832     14.80   5354180   5028644       180
05:40:05     22047184  27261376   4991904     15.24     91756   5497224   5469088     14.80   5354272   5030052       624
05:50:00     22046060  27262044   4991048     15.24     92836   5497952   5469088     14.80   5354708   5031628       420
06:00:05     21755936  27279756   4972488     15.18     93948   5804392   5475868     14.82   5664564   5033196       132
06:10:00     21363772  27272572   4979076     15.20     95064   6187864   5479072     14.83   6049364   5034604        96
06:20:05     19659780  27267900   4978328     15.20     96700   7881420   5479396     14.83   7422340   5357108        28
06:30:05     19539908  27260968   4985932     15.22     97808   7993160   5469184     14.80   7527708   5358676       632
06:40:05     19555956  27278412   4968396     15.17     98888   7993520   5469184     14.80   7527724   5360064       652
06:50:05     19562752  27286964   4959820     15.14     99980   7994208   5469184     14.80   7527920   5361536         0
07:00:05     19529636  27255444   4991256     15.24    101060   7994768   5469184     14.80   7528328   5362976       104
07:10:05     19518184  27245380   5001220     15.27    102148   7995088   5469184     14.80   7528176   5364348       120
07:20:05     19549932  27278628   4967848     15.17    103228   7995572   5469184     14.80   7528376   5365824       636
07:30:05     19527556  27268780   4971036     15.18    106816   7998576   5469184     14.80   7529296   5371608        44
07:40:05     19500344  27242916   4996908     15.26    107912   7998828   5469184     14.80   7529376   5372940        40
07:50:05     19494460  27238980   5000708     15.27    108976   7999800   5469184     14.80   7529748   5374484       184
08:00:05     19524288  27270300   4969280     15.17    110040   8000276   5470208     14.81   7529980   5375948       136
08:10:05     19500280  27247780   4991684     15.24    111128   8000692   5470208     14.81   7530276   5377292        80
08:20:05     19505568  27254584   4984668     15.22    112216   8001164   5470208     14.81   7530452   5378784       632
08:30:03     19504240  27254304   4984936     15.22    113208   8001200   5470208     14.81   7530508   5379812         0
08:40:05     19509064  27260388   4978704     15.20    114144   8001564   5470208     14.81   7531080   5381048        52
08:50:05     19496960  27249812   4989160     15.23    115200   8002044   5470208     14.81   7531152   5382424       252
09:00:00     19494852  27249052   4989804     15.24    116272   8002344   5473412     14.81   7533044   5383752        84
09:10:04     19504784  27260156   4978760     15.20    117288   8002480   5470208     14.81   7531228   5384908        16
09:20:05     19510424  27267048   4971832     15.18    118328   8002672   5470208     14.81   7531840   5386136       176
09:30:05     19498496  27256688   4982028     15.21    119280   8003340   5470208     14.81   7532384   5387432        88
09:40:05     19478772  27238508   5000076     15.27    120368   8003816   5470208     14.81   7532672   5388828        96
09:50:05     19490948  27252208   4986140     15.22    121488   8004268   5470208     14.81   7532584   5390312       128
10:00:03     19485840  27248800   4989380     15.23    122584   8004932   5473416     14.81   7534392   5391860        44
10:10:03     19496864  27269756   4967968     15.17    123688   8013764   5477564     14.83   7545340   5393268         0
10:20:05     19425880  27272324   4965156     15.16    124784   8086160   5477312     14.83   7617412   5394712        20
10:30:05     19415024  27264368   4972740     15.18    125792   8088024   5483932     14.84   7610816   5396408        12
10:40:05     19382564  27288280   4948928     15.11    126712   8143404   5476568     14.82   7661944   5397568        20
10:50:03     19380648  27287988   4949108     15.11    127616   8144216   5476568     14.82   7662516   5399056       100
11:00:05     19381420  27289732   4947304     15.11    128400   8144432   5476568     14.82   7662188   5400016        16
11:10:05     19374960  27284216   4952776     15.12    129168   8144632   5476568     14.82   7662404   5400948        36
11:20:05     19377484  27287920   4948900     15.11    129976   8145064   5476568     14.82   7662568   5402120       100
11:30:03     19375348  27288808   4947888     15.11    130888   8147204   5476568     14.82   7664364   5403440        24
11:40:05     19369372  27283996   4952624     15.12    131776   8147500   5478196     14.83   7665504   5404580        12
11:50:05     19358868  27274796   4961796     15.15    132664   8147924   5476568     14.82   7664456   5405872       116
12:00:05     19361460  27278644   4958312     15.14    133584   8148296   5476568     14.82   7664448   5407104        16
12:10:03     19362256  27280568   4956424     15.13    134480   8148532   5476568     14.82   7664820   5408208        16
12:20:05     19365092  27284884   4951952     15.12    135384   8149196   5476568     14.82   7664924   5409672        32
12:30:03     19366680  27287744   4949044     15.11    136288   8149588   5476568     14.82   7664972   5410924        40
12:40:05     19353740  27275916   4960832     15.15    137184   8149796   5476700     14.82   7664988   5412024         0
12:50:05     19354892  27278304   4958436     15.14    138072   8150148   5476700     14.82   7665008   5413244        24
13:00:05     19353180  27277912   4958692     15.14    138968   8150628   5476700     14.82   7665116   5414476        32
13:10:03     19347172  27272996   4963592     15.16    139864   8150820   5476700     14.82   7665156   5415552        28
13:20:05     19350956  27278052   4958436     15.14    140768   8151196   5476700     14.82   7665216   5416804        40
13:30:05       368372   9191148  23042976     70.36     52376   9132612  23472692     63.53  22925744   9090036        76
13:40:05       266140   9172692  23054200     70.39     60596   9201940  23480884     63.55  22927472   9165336        24
13:50:03       256612   9164284  23062512     70.42     61504   9202172  23480884     63.55  22927780   9166440       156
14:00:05       259468   9168444  23058312     70.40     62392   9202644  23480884     63.55  22928180   9167736        24
14:10:01       262208   9172396  23054268     70.39     63304   9203012  23484980     63.57  22928676   9168928       108
14:20:05       255708   9167060  23059532     70.41     64200   9203272  23484980     63.57  22928748   9170072        24
14:30:03       258728   9171360  23055196     70.39     65120   9203704  23484980     63.57  22928852   9171336        92
14:40:05       258956   9172820  23053716     70.39     66032   9204056  23484980     63.57  22929316   9172564        24
14:50:05       391020   9176576  23049852     70.38     66024   9075800  23484980     63.57  22908564   9065128       188
15:00:05       291100   2048776  30177508     92.14     32656   2081164  30634440     82.92  29992708   2090688       616
15:10:03       496752   1924992  30303116     92.52     10952   1773552  30736728     83.19  19643240  12203352        20
15:20:00       354156   1999712  30224536     92.28     34624   1963144  30637644     82.93  19734684  12230224       696
15:30:05       385984   2032988  30191192     92.18     35568   1963688  30634440     82.92  19733092  12231672         0
15:40:05       344424   2002256  30221904     92.28     39232   1970924  30634440     82.92  19734300  12241332        84
15:50:05       347980   2009012  30215108     92.25     40592   1972788  30634440     82.92  19735108  12243772        16
16:00:05       358852   2021204  30202916     92.22     41504   1973212  30634440     82.92  19735088  12245092        16
16:10:03       364076   2027732  30196356     92.20     42400   1973668  30636068     82.92  19736244  12246396        28
16:20:05       363548   2028560  30195496     92.19     43304   1974116  30634440     82.92  19735104  12247624         8
16:30:05       368060   2034352  30189628     92.18     44192   1974572  30634440     82.92  19735364  12248904        12
16:40:03       370524   2038132  30185868     92.17     45104   1974964  30634440     82.92  19735144  12250192        28
16:50:03       362256   2031156  30192764     92.19     45992   1975420  30634440     82.92  19735792  12251392        28
17:00:05       370324   2041148  30182712     92.16     46896   1976516  30634440     82.92  19736460  12252784        36
17:10:05       362564   2034648  30189176     92.18     47784   1976916  30634440     82.92  19736504  12254044       192
17:20:05       361068   2034372  30189416     92.18     48688   1977236  30634440     82.92  19736512  12255264        84
17:30:03       356812   2031480  30192284     92.18     49592   1977752  30634440     82.92  19736556  12256596         4
17:40:05       361456   2037516  30186236     92.17     50520   1978236  30634440     82.92  19736604  12257948        96
17:50:05       362972   2040212  30183528     92.16     51408   1978536  30634440     82.92  19736524  12259128       112
18:00:05       366596   2045160  30178564     92.14     52296   1979016  30634440     82.92  19736476  12260452       236
18:10:05       358000   2037828  30185760     92.17     53200   1979424  30634440     82.92  19736524  12261716        96
18:20:05       356724   2037904  30185664     92.16     54128   1979876  30634440     82.92  19736804  12262940        80
18:30:05       356856   2039368  30184148     92.16     55024   1980340  30634440     82.92  19736800  12264272        24
18:40:02       360476   2044272  30179252     92.15     55928   1980748  30634440     82.92  19736664  12265556       108
18:50:05       357008   2041996  30181464     92.15     56808   1981104  30634440     82.92  19736868  12266748        12
19:00:05       351496   2037824  30185568     92.16     57720   1981600  30634440     82.92  19736956  12268088        24
19:10:05       352468   2040016  30183328     92.16     58600   1981976  30634440     82.92  19736800  12269308        24
19:20:05       356504   2045284  30178072     92.14     59464   1982348  30634440     82.92  19736804  12270540        20
19:30:05       358044   2048112  30175108     92.13     60344   1982860  30634440     82.92  19736888  12271828       108
19:40:05       355652   2047048  30176192     92.14     61248   1983300  30634440     82.92  19736816  12273152        16
19:50:05       354560   2047140  30176072     92.14     62160   1983584  30634440     82.92  19737048  12274336        12
20:00:05       294656   2030820  30192360     92.19     63092   2026300  30634440     82.92  19778652  12276376        24
20:10:05       314804   2052352  30170768     92.12     63980   2026816  30634440     82.92  19778816  12277632        24
20:20:05       287068   2025780  30197372     92.20     64884   2027088  30634440     82.92  19778816  12278796        12
20:30:05       290556   2030528  30192584     92.19     65780   2027476  30634440     82.92  19778832  12280056        88
20:40:05       293052   2034240  30188856     92.17     66668   2027816  30634440     82.92  19778852  12281272        80
20:50:05       285016   2027392  30195740     92.20     67564   2028088  30634440     82.92  19778640  12282460        12
21:00:05       295100   2038704  30184396     92.16     68452   2028456  30634440     82.92  19778876  12283688        28
21:10:05       299628   2044476  30178592     92.14     69372   2028812  30634440     82.92  19778912  12284932       176
21:20:05       292852   2038884  30184156     92.16     70268   2029124  30634440     82.92  19778948  12286116        88
21:30:05       290764   2038052  30184964     92.16     71164   2029508  30634440     82.92  19778968  12287372         8
21:40:05       300048   2048560  30174364     92.13     72068   2029880  30634440     82.92  19778788  12288596        84
21:50:05       299468   2049124  30173808     92.13     72972   2030144  30634440     82.92  19779080  12289740        12
22:00:05       290416   2041372  30181576     92.15     73892   2030532  30634440     82.92  19779072  12291040        16
22:10:05       288192   2040396  30182480     92.16     74780   2030896  30634440     82.92  19779188  12292288        12
22:20:05       288704   2042216  30180720     92.15     75676   2031296  30634440     82.92  19779316  12293456       112
22:30:05       291340   2046188  30176640     92.14     76588   2031764  30634440     82.92  19779356  12294776        44
22:40:05       292868   2048976  30173824     92.13     77520   2032100  30634440     82.92  19779452  12296020        16
22:50:05       287440   2044712  30178080     92.14     78400   2032364  30634440     82.92  19779464  12297168        84
23:00:05       287296   2045868  30176852     92.14     79280   2032840  30634440     82.92  19779524  12298452       212
23:10:05       286800   2046612  30176008     92.14     80152   2033212  30634440     82.92  19779552  12299676        24
23:20:05       281800   2042816  30179816     92.15     81040   2033528  30634440     82.92  19779572  12300864        28
23:30:05       277364   2039660  30182928     92.16     81936   2033888  30634440     82.92  19779572  12302128        16
23:40:05       280820   2044408  30178120     92.14     82832   2034316  30634440     82.92  19779588  12303404        28
23:50:05       274212   2039020  30183464     92.16     83736   2034644  30634440     82.92  19779520  12304608       104
Average:     11417623  16295648  15940817     48.67     82344   5157929  16413512     44.43  12839643   8141926       131
### SAR_R_SA31
Linux 6.8.0-138-generic (pgain-nuc) 	08/31/26 	_x86_64_	(4 CPU)

00:00:05    kbmemfree   kbavail kbmemused  %memused kbbuffers  kbcached  kbcommit   %commit  kbactive   kbinact   kbdirty
00:10:05       273148   2043512  30178828     92.14     85644   2038268  30634440     82.92  19780636  12309156        92
00:20:05       270976   2042584  30179780     92.15     86540   2038580  30634440     82.92  19780524  12310340        96
00:30:04       268260   2041120  30181208     92.15     87452   2038936  30634440     82.92  19780712  12311576        16
00:40:05       284884   2014968  30206580     92.23    118060   1965136  30634440     82.92  19785280  12263460        68
00:50:05       293416   2025944  30195592     92.20    120012   1965604  30634440     82.92  19785384  12265792        20
01:00:03       302540   2036380  30185076     92.16    120940   1966016  30634440     82.92  19785416  12267088        16
01:10:05       303744   2038844  30182576     92.16    121840   1966352  30634440     82.92  19785292  12268332       180
01:20:05       302636   2038892  30182532     92.16    122744   1966604  30634440     82.92  19785312  12269472       192
01:30:05       296276   2033820  30187592     92.17    123648   1966992  30634440     82.92  19785452  12270744        24
01:40:03       292748   2031552  30189816     92.18    124552   1967364  30634440     82.92  19785468  12271988       124
01:50:05       292276   2032236  30189092     92.18    125448   1967596  30634440     82.92  19785412  12273128         8
02:00:05       390936   2067492  30153420     92.07    124120   1905372  30781532     83.31  19791500  12137688        20
02:10:05       394352   2072160  30148736     92.05    125024   1905712  30781532     83.31  19791500  12138924        92
02:20:05       395616   2074744  30146124     92.04    125920   1906140  30781532     83.31  19791524  12140104       168
02:30:05       405520   2086332  30134412     92.01    126832   1906936  30781532     83.31  19792216  12141376        16
02:40:03       416444   2098504  30122224     91.97    127720   1907276  30781532     83.31  19792216  12142608        84
02:50:05       419244   2102460  30118264     91.96    128608   1907528  30781532     83.31  19792228  12143748        96
03:00:05       418308   2102872  30117804     91.96    129512   1907980  30781532     83.31  19792256  12145080        96
03:10:01       417252   2103124  30117488     91.96    130392   1908444  30781532     83.31  19792360  12146300       324
03:20:03       414008   2101076  30119532     91.96    131288   1908728  30781532     83.31  19792360  12147480        88
03:30:05       421388   2109860  30110604     91.94    132192   1909268  30781532     83.31  19792492  12148804        16
03:40:05       417676   2107488  30112920     91.94    133096   1909712  30781532     83.31  19792524  12150124        12
03:50:05       412996   2104168  30115992     91.95    134116   1910256  30783280     83.32  19793404  12151252       188
04:00:03       530476   2294540  29925900     91.37     64448   2051432  30781660     83.31  20695024  11111204        84
04:10:05       534004   2299440  29920984     91.36     65344   2051904  30781660     83.31  20695032  11112564        92
04:20:02       537828   2304520  29915880     91.34     66228   2052256  30781660     83.31  20695084  11113756         4
04:30:05       543948   2312032  29908320     91.32     67132   2052740  30781660     83.31  20695072  11115132        92
04:40:03       540596   2309980  29910356     91.32     68028   2053116  30781660     83.31  20695108  11116416       124
04:50:05       498368   2273952  29946228     91.43     71852   2055484  30781660     83.31  20695920  11121800       148
05:00:05       508016   2300004  29917176     91.35     74804   2066164  30781664     83.31  20706076  11125384        88
05:10:05       503592   2297232  29919912     91.35     75748   2066824  30787228     83.33  20708492  11126788         0
05:20:03       476120   2275800  29941308     91.42     76752   2071852  30781664     83.31  20706296  11132780       104
05:30:05       483120   2284136  29933000     91.39     77648   2072284  30781664     83.31  20706124  11134092        96
05:40:03       490020   2292292  29924756     91.37     78536   2072672  30781664     83.31  20706364  11135328        20
05:50:05       488204   2291752  29925244     91.37     79448   2072988  30781664     83.31  20706240  11136584       224
06:00:05       486548   2291612  29925336     91.37     80344   2073608  30781664     83.31  20706544  11137928        24
06:10:05       490620   2297112  29919780     91.35     81240   2074132  30781664     83.31  20706656  11139236        28
06:20:03       492188   2299892  29916968     91.34     82128   2074448  30781664     83.31  20706628  11140432        72
06:30:05       493064   2302276  29914624     91.34     83056   2075012  30781664     83.31  20706684  11141924        20
06:40:05       495184   2305684  29911080     91.33     83960   2075400  30781664     83.31  20706672  11143192        72
06:50:05       487644   2299312  29917448     91.35     84856   2075648  30781664     83.31  20706576  11144340       168
07:00:05       495760   2308760  29907988     91.32     85768   2076064  30781664     83.31  20706724  11145648       108
07:10:05       499264   2313468  29903212     91.30     86648   2076404  30781664     83.31  20706708  11146836        16
07:20:05       495412   2311008  29905632     91.31     87552   2076892  30781664     83.31  20706948  11148024        16
07:30:05       492464   2309424  29907248     91.31     88440   2077340  30781664     83.31  20706964  11149364       224
07:40:05       488616   2308096  29908520     91.32     89344   2079000  30781664     83.31  20708268  11150572        24
07:50:03       486740   2307472  29909172     91.32     90240   2079284  30781664     83.31  20708268  11151808        92
08:00:05       492088   2314156  29902424     91.30     91136   2079716  30781664     83.31  20708320  11153080        88
08:10:05       491940   2315396  29901128     91.30     92032   2080204  30781664     83.31  20708492  11154288        16
08:20:05       488864   2313652  29902860     91.30     92928   2080604  30781664     83.31  20708628  11155468        16
08:30:03       489992   2316080  29900420     91.29     93816   2081004  30781664     83.31  20708628  11156748       100
08:40:05       487380   2314756  29901720     91.30     94704   2081392  30781664     83.31  20708652  11158012        88
08:50:05       480124   2308728  29907704     91.32     95624   2081696  30781664     83.31  20708672  11159220       116
09:00:05       481660   2311716  29904676     91.31     96528   2082224  30781664     83.31  20708816  11160524        24
09:10:05       481908   2313336  29902972     91.30     97432   2082724  30781664     83.31  20708864  11161876       196
09:20:05       360068   2299612  29916844     91.34     99204   2188908  30781668     83.31  20814112  11164460       704
09:30:05       358828   2299908  29916516     91.34    100124   2189516  30781668     83.31  20814360  11165840        84
09:40:05       347828   2290216  29926220     91.37    101028   2189924  30781668     83.31  20814376  11167128        84
09:50:05       353704   2297248  29919080     91.35    101920   2190172  30781668     83.31  20814408  11168268        16
10:00:05       361572   2306432  29909848     91.32    102832   2190568  30781668     83.31  20814428  11169564       312
10:10:05       364160   2310308  29905892     91.31    103736   2190956  30781668     83.31  20814444  11170836        92
10:20:05       362888   2310212  29906020     91.31    104616   2191244  30781668     83.31  20814460  11171996        16
10:30:05       342276   2290892  29925332     91.37    105512   2191648  30781668     83.31  20814448  11173272        88
10:40:05       346164   2296064  29920116     91.35    106408   2192048  30781668     83.31  20814508  11174544         0
10:50:05       347256   2302432  29913640     91.33    108844   2194872  30781668     83.31  20815228  11179068        24
11:00:05       342708   2299172  29916844     91.34    109740   2195268  30781668     83.31  20815232  11180332         0
11:10:05       347248   2305004  29911004     91.33    110644   2195636  30781668     83.31  20815292  11181552        84
11:20:05       349532   2308484  29907436     91.32    111548   2195912  30781668     83.31  20815336  11182724         0
11:30:05       349044   2309316  29906604     91.31    112452   2196320  30781668     83.31  20815348  11184028       116
11:40:00       352004   2313540  29902336     91.30    113380   2196680  30781668     83.31  20815388  11185276        80
11:50:05       347020   2309724  29906144     91.31    114252   2196968  30781668     83.31  20815360  11186428        68
12:00:05       343568   2307736  29908104     91.32    115164   2197520  30781668     83.31  20815540  11187748        16
12:10:05       349724   2315160  29900672     91.29    116068   2197872  30781668     83.31  20815560  11189000        92
12:20:05       345764   2312356  29903416     91.30    116988   2198104  30781668     83.31  20815560  11190140        20
12:30:05       342896   2310764  29904948     91.31    117888   2198480  30781668     83.31  20815552  11191400       172
12:40:05       343392   2312508  29903200     91.30    118792   2198812  30781668     83.31  20815448  11192632       176
12:50:05       340140   2310364  29905340     91.31    119672   2199024  30783296     83.32  20816688  11193728        28
13:00:05       342896   2314444  29901212     91.30    120600   2199420  30781668     83.31  20815480  11195032        24
13:10:05       338828   2311640  29904016     91.30    121504   2199760  30781668     83.31  20815384  11196280       120
Average:       410328   2234826  29983253     91.55    102308   2072392  30761258     83.26  20471607  11463749        89
### SAR_W_SA30
Linux 6.8.0-138-generic (pgain-nuc) 	08/30/26 	_x86_64_	(4 CPU)

00:32:34     LINUX RESTART	(4 CPU)

00:40:05     pswpin/s pswpout/s
00:50:05         0.00      0.00
01:00:05         0.00      0.00
01:10:05         0.00      0.00
01:20:05         0.00      0.00
01:30:05         0.00      0.00
01:40:05         0.00      0.00
01:50:05         0.00      0.00
02:00:05         0.00      0.00
02:10:05         0.00      0.00
02:20:03         0.00      0.00
02:30:05         0.00      0.00
02:40:03         0.00      0.00
02:50:01         0.00      0.00
03:00:05         0.00      0.00
03:10:01         0.00      0.00
03:20:05         0.00      0.00
03:30:00         0.00      0.00
03:40:05         0.00      0.00
03:50:05         0.00      0.00
04:00:05         0.00      0.00
04:10:00         0.00      0.00
04:20:05         0.00      0.00
04:30:05         0.00      0.00
04:40:05         0.00      0.00
04:50:05         0.00      0.00
05:00:05         0.00      0.00
05:10:05         0.00      0.00
05:20:05         0.00      0.00
05:30:05         0.00      0.00
05:40:05         0.00      0.00
05:50:00         0.00      0.00
06:00:05         0.00      0.00
06:10:00         0.00      0.00
06:20:05         0.00      0.00
06:30:05         0.00      0.00
06:40:05         0.00      0.00
06:50:05         0.00      0.00
07:00:05         0.00      0.00
07:10:05         0.00      0.00
07:20:05         0.00      0.00
07:30:05         0.00      0.00
07:40:05         0.00      0.00
07:50:05         0.00      0.00
08:00:05         0.00      0.00
08:10:05         0.00      0.00
08:20:05         0.00      0.00
08:30:03         0.00      0.00
08:40:05         0.00      0.00
08:50:05         0.00      0.00
09:00:00         0.00      0.00
09:10:04         0.00      0.00
09:20:05         0.00      0.00
09:30:05         0.00      0.00
09:40:05         0.00      0.00
09:50:05         0.00      0.00
10:00:03         0.00      0.00
10:10:03         0.00      0.00
10:20:05         0.00      0.00
10:30:05         0.00      0.00
10:40:05         0.00      0.00
10:50:03         0.00      0.00
11:00:05         0.00      0.00
11:10:05         0.00      0.00
11:20:05         0.00      0.00
11:30:03         0.00      0.00
11:40:05         0.00      0.00
11:50:05         0.00      0.00
12:00:05         0.00      0.00
12:10:03         0.00      0.00
12:20:05         0.00      0.00
12:30:03         0.00      0.00
12:40:05         0.00      0.00
12:50:05         0.00      0.00
13:00:05         0.00      0.00
13:10:03         0.00      0.00
13:20:05         0.00      0.00
13:30:05         0.00      0.00
13:40:05         0.00      0.00
13:50:03         0.00      0.00
14:00:05         0.00      0.00
14:10:01         0.00      0.00
14:20:05         0.00      0.00
14:30:03         0.00      0.00
14:40:05         0.00      0.00
14:50:05         0.00      0.00
15:00:05         0.00      0.00
15:10:03         0.09      2.78
15:20:00         0.00      0.00
15:30:05         0.00      0.00
15:40:05         0.00      0.00
15:50:05         0.00      0.00
16:00:05         0.00      0.00
16:10:03         0.00      0.00
16:20:05         0.00      0.00
16:30:05         0.00      0.00
16:40:03         0.00      0.00
16:50:03         0.00      0.00
17:00:05         0.03      0.00
17:10:05         0.00      0.00
17:20:05         0.00      0.00
17:30:03         0.00      0.00
17:40:05         0.00      0.00
17:50:05         0.00      0.00
18:00:05         0.00      0.00
18:10:05         0.00      0.00
18:20:05         0.00      0.00
18:30:05         0.00      0.00
18:40:02         0.00      0.00
18:50:05         0.00      0.00
19:00:05         0.00      0.00
19:10:05         0.00      0.00
19:20:05         0.00      0.00
19:30:05         0.00      0.00
19:40:05         0.00      0.00
19:50:05         0.00      0.00
20:00:05         0.00      0.00
20:10:05         0.00      0.00
20:20:05         0.00      0.00
20:30:05         0.00      0.00
20:40:05         0.00      0.00
20:50:05         0.00      0.00
21:00:05         0.00      0.00
21:10:05         0.00      0.00
21:20:05         0.00      0.00
21:30:05         0.00      0.00
21:40:05         0.00      0.00
21:50:05         0.00      0.00
22:00:05         0.00      0.00
22:10:05         0.00      0.00
22:20:05         0.00      0.00
22:30:05         0.00      0.00
22:40:05         0.00      0.00
22:50:05         0.00      0.00
23:00:05         0.00      0.00
23:10:05         0.00      0.00
23:20:05         0.00      0.00
23:30:05         0.00      0.00
23:40:05         0.00      0.00
23:50:05         0.00      0.00
Average:         0.00      0.02
### SAR_W_SA31
Linux 6.8.0-138-generic (pgain-nuc) 	08/31/26 	_x86_64_	(4 CPU)

00:00:05     pswpin/s pswpout/s
00:10:05         0.00      0.00
00:20:05         0.00      0.00
00:30:04         0.00      0.00
00:40:05         0.00      0.14
00:50:05         0.01      0.00
01:00:03         0.00      0.00
01:10:05         0.00      0.00
01:20:05         0.00      0.00
01:30:05         0.00      0.00
01:40:03         0.00      0.00
01:50:05         0.00      0.00
02:00:05         0.00     27.54
02:10:05         0.00      0.00
02:20:05         0.00      0.00
02:30:05         0.00      0.00
02:40:03         0.00      0.00
02:50:05         0.00      0.00
03:00:05         0.00      0.00
03:10:01         0.00      0.00
03:20:03         0.00      0.00
03:30:05         0.00      0.00
03:40:05         0.00      0.00
03:50:05         0.00      0.00
04:00:03         0.00     89.88
04:10:05         0.00      0.00
04:20:02         0.00      0.00
04:30:05         0.00      0.00
04:40:03         0.00      0.00
04:50:05         0.02      0.00
05:00:05         0.00      0.00
05:10:05         0.00      0.00
05:20:03         0.00      0.00
05:30:05         0.00      0.00
05:40:03         0.00      0.00
05:50:05         0.00      0.00
06:00:05         0.00      0.00
06:10:05         0.00      0.00
06:20:03         0.00      0.00
06:30:05         0.01      0.00
06:40:05         0.00      0.00
06:50:05         0.00      0.00
07:00:05         0.00      0.00
07:10:05         0.00      0.00
07:20:05         0.00      0.00
07:30:05         0.00      0.00
07:40:05         0.00      0.00
07:50:03         0.00      0.00
08:00:05         0.00      0.00
08:10:05         0.00      0.00
08:20:05         0.00      0.00
08:30:03         0.00      0.00
08:40:05         0.00      0.00
08:50:05         0.00      0.00
09:00:05         0.00      0.00
09:10:05         0.00      0.00
09:20:05         0.00      0.00
09:30:05         0.00      0.00
09:40:05         0.00      0.00
09:50:05         0.00      0.00
10:00:05         0.00      0.00
10:10:05         0.00      0.00
10:20:05         0.00      0.00
10:30:05         0.00      0.00
10:40:05         0.00      0.00
10:50:05         0.00      0.00
11:00:05         0.00      0.00
11:10:05         0.00      0.00
11:20:05         0.00      0.00
11:30:05         0.00      0.00
11:40:00         0.00      0.00
11:50:05         0.00      0.00
12:00:05         0.00      0.00
12:10:05         0.00      0.00
12:20:05         0.00      0.00
12:30:05         0.00      0.00
12:40:05         0.00      0.00
12:50:05         0.00      0.00
13:00:05         0.00      0.00
13:10:05         0.00      0.00
Average:         0.00      1.48
### SAR_B_SA31
Linux 6.8.0-138-generic (pgain-nuc) 	08/31/26 	_x86_64_	(4 CPU)

00:00:05     pgpgin/s pgpgout/s   fault/s  majflt/s  pgfree/s pgscank/s pgscand/s pgsteal/s    %vmeff
00:10:05         2.32     23.03    180.02      0.04    128.48      0.00      0.00      0.00      0.00
00:20:05         0.11     18.97     98.71      0.00     68.98      0.00      0.00      0.00      0.00
00:30:04         0.03     16.25     36.21      0.00     22.04      0.00      0.00      0.00      0.00
00:40:05        36.40     22.93     87.00      0.01    140.46     55.60      0.00    110.77    199.23
00:50:05         2.18     16.27     36.09      0.00     21.89      0.00      0.00      0.00      0.00
01:00:03         0.09     15.78     36.24      0.00     22.10      0.00      0.00      0.00      0.00
01:10:05         0.00     15.39     36.00      0.00     22.00      0.00      0.00      0.00      0.00
01:20:05         0.03     16.39     35.23      0.00     21.48      0.00      0.00      0.00      0.00
01:30:05         0.03     16.11     34.94      0.00     21.33      0.00      0.00      0.00      0.00
01:40:03         0.08     15.59     36.26      0.00     22.06      0.00      0.00      0.00      0.00
01:50:05         0.01     15.47     33.96      0.00     20.69      0.00      0.00      0.00      0.00
02:00:05         4.17    156.64    115.97      0.01    165.62     80.60      0.00    110.88    137.56
02:10:05         0.00     15.21     36.04      0.00     21.99      0.00      0.00      0.00      0.00
02:20:05         0.03     16.46     35.26      0.00     21.46      0.00      0.00      0.00      0.00
02:30:05         0.75     15.80     39.18      0.01     24.03      0.00      0.00      0.00      0.00
02:40:03         0.00     15.38     36.22      0.00     22.10      0.00      0.00      0.00      0.00
02:50:05         0.01     15.48     34.02      0.00     20.73      0.00      0.00      0.00      0.00
03:00:05         0.09     16.39     36.23      0.00     21.97      0.00      0.00      0.00      0.00
03:10:01         0.17     16.11     37.41      0.00     22.74      0.00      0.00      0.00      0.00
03:20:03         0.00     15.74     34.97      0.00     21.31      0.00      0.00      0.00      0.00
03:30:05         0.21     16.31     36.08      0.00     21.85      0.00      0.00      0.00      0.00
03:40:05         0.11     15.74     36.17      0.00     21.96      0.00      0.00      0.00      0.00
03:50:05         1.22     16.63     35.96      0.01     21.30      0.00      0.00      0.00      0.00
04:00:03       554.76    777.84    402.04      0.28    603.89   1207.00      0.00    401.70     33.28
04:10:05         0.02     15.78     36.11      0.00     21.88      0.00      0.00      0.00      0.00
04:20:02         0.09     16.10     35.38      0.00     21.18      0.00      0.00      0.00      0.00
04:30:05         0.03     15.77     38.98      0.00     23.53      0.00      0.00      0.00      0.00
04:40:03         0.00     15.12     36.17      0.00     21.82      0.00      0.00      0.00      0.00
04:50:05         8.06     18.47    113.98      0.05     80.02      0.00      0.00      0.00      0.00
05:00:05        20.09     22.87    183.59      0.20    131.98      0.00      0.00      0.00      0.00
05:10:05         0.45     22.46    202.11      0.02    149.51      0.00      0.00      0.00      0.00
05:20:03         8.06     16.35     52.55      0.01     37.76      0.00      0.00      0.00      0.00
05:30:05         0.03     15.18     35.94      0.00     21.64      0.00      0.00      0.00      0.00
05:40:03         0.03     15.45     36.26      0.00     21.71      0.00      0.00      0.00      0.00
05:50:05         0.00     15.83     34.04      0.00     20.37      0.00      0.00      0.00      0.00
06:00:05         0.29     16.02     39.20      0.00     23.67      0.00      0.00      0.00      0.00
06:10:05         0.19     15.67     36.18      0.00     21.70      0.00      0.00      0.00      0.00
06:20:03         0.00     15.80     35.29      0.00     21.14      0.00      0.00      0.00      0.00
06:30:05         0.27     17.05    104.70      0.00     67.91      0.00      0.00      0.00      0.00
06:40:05         0.01     15.33     36.07      0.00     21.71      0.00      0.00      0.00      0.00
06:50:05         0.00     15.85     34.13      0.00     20.50      0.00      0.00      0.00      0.00
07:00:05         0.04     15.99     39.22      0.00     23.70      0.00      0.00      0.00      0.00
07:10:05         0.01     15.04     36.12      0.00     21.76      0.00      0.00      0.00      0.00
07:20:05         0.24     16.38     35.30      0.01     21.08      0.00      0.00      0.00      0.00
07:30:05         0.01     15.54     36.17      0.00     21.87      0.00      0.00      0.00      0.00
07:40:05         2.07     17.05     36.53      0.03     21.98      0.00      0.00      0.00      0.00
07:50:03         0.00     16.86     37.56      0.00     22.64      0.00      0.00      0.00      0.00
08:00:05         0.07     15.18     35.92      0.00     21.94      0.00      0.00      0.00      0.00
08:10:05         0.28     15.33     36.12      0.00     21.92      0.00      0.00      0.00      0.00
08:20:05         0.00     16.04     35.23      0.00     21.32      0.00      0.00      0.00      0.00
08:30:03         0.00     16.48     36.44      0.00     22.02      0.00      0.00      0.00      0.00
08:40:05         0.04     15.35     36.08      0.00     21.85      0.00      0.00      0.00      0.00
08:50:05         0.01     16.52     37.35      0.00     22.60      0.00      0.00      0.00      0.00
09:00:05         0.01     16.93     36.36      0.00     21.93      0.00      0.00      0.00      0.00
09:10:05         0.09     16.21     39.35      0.00     23.96      0.00      0.00      0.00      0.00
09:20:05       177.71     29.61    829.54      1.58    573.01      0.00      0.00      0.00      0.00
09:30:05         0.05     17.80     67.00      0.00     46.83      0.00      0.00      0.00      0.00
09:40:05         0.01     17.04     72.60      0.00     50.54      0.00      0.00      0.00      0.00
09:50:05         0.01     17.55     94.05      0.00     67.90      0.00      0.00      0.00      0.00
10:00:05         0.00     15.49     36.12      0.00     21.79      0.00      0.00      0.00      0.00
10:10:05         0.00     15.00     36.04      0.00     21.70      0.00      0.00      0.00      0.00
10:20:05         0.03     16.99     35.41      0.00     21.19      0.00      0.00      0.00      0.00
10:30:05         0.01     16.67     75.20      0.00     49.80      0.00      0.00      0.00      0.00
10:40:05         0.08     15.43     36.21      0.00     22.03      0.00      0.00      0.00      0.00
10:50:05         6.21     22.43     42.00      0.01     26.89      0.00      0.00      0.00      0.00
11:00:05         0.03     15.79     36.19      0.00     22.04      0.00      0.00      0.00      0.00
11:10:05         0.10     15.31     36.17      0.00     22.01      0.00      0.00      0.00      0.00
11:20:05         0.03     16.27     35.32      0.00     21.43      0.00      0.00      0.00      0.00
11:30:05         0.00     15.89     36.20      0.00     21.99      0.00      0.00      0.00      0.00
11:40:00         0.07     14.82     34.77      0.00     21.18      0.00      0.00      0.00      0.00
11:50:05         0.00     16.22     38.60      0.00     23.35      0.00      0.00      0.00      0.00
12:00:05         0.04     16.29     36.26      0.00     21.86      0.00      0.00      0.00      0.00
12:10:05         0.01     15.51     36.22      0.00     21.70      0.00      0.00      0.00      0.00
12:20:05         0.01     16.22     35.26      0.00     21.11      0.00      0.00      0.00      0.00
12:30:05         0.02     15.19     36.10      0.00     21.68      0.00      0.00      0.00      0.00
12:40:05         0.01     15.04     36.08      0.00     21.73      0.00      0.00      0.00      0.00
12:50:05         0.00     15.31     34.95      0.00     20.44      0.00      0.00      0.00      0.00
13:00:05         0.03     16.22     38.18      0.00     23.63      0.00      0.00      0.00      0.00
13:10:05         0.00     15.16     36.11      0.00     21.86      0.00      0.00      0.00      0.00
Average:        10.46     28.01     63.30      0.03     47.69     16.96      0.00      7.88     46.45
### SAR_B_SA30
Linux 6.8.0-138-generic (pgain-nuc) 	08/30/26 	_x86_64_	(4 CPU)

00:32:34     LINUX RESTART	(4 CPU)

00:40:05     pgpgin/s pgpgout/s   fault/s  majflt/s  pgfree/s pgscank/s pgscand/s pgsteal/s    %vmeff
00:50:05         1.07     16.22     34.93      0.00     23.38      0.00      0.00      0.00      0.00
01:00:05       119.31     19.54    156.06      0.13    109.43      0.00      0.00      0.00      0.00
01:10:05         0.20     15.29     30.91      0.00     20.80      0.00      0.00      0.00      0.00
01:20:05         0.41     16.38     32.70      0.00     21.88      0.00      0.00      0.00      0.00
01:30:05         0.21     15.46     32.97      0.00     22.10      0.00      0.00      0.00      0.00
01:40:05         0.11     16.03     30.90      0.00     20.91      0.00      0.00      0.00      0.00
01:50:05         7.75     16.01     53.23      0.01     39.68      0.00      0.00      0.00      0.00
02:00:05         0.43     15.81     38.85      0.00     26.82      0.00      0.00      0.00      0.00
02:10:05         0.09     14.75     30.77      0.00     20.81      0.00      0.00      0.00      0.00
02:20:03         0.24     16.35     39.99      0.00     27.73      0.00      0.00      0.00      0.00
02:30:05       319.15     27.12    338.21      2.60    256.66      0.00      0.00      0.00      0.00
02:40:03         0.11     25.76    312.65      0.00    256.72      0.00      0.00      0.00      0.00
02:50:01         0.20     25.77    276.98      0.00    224.85      0.00      0.00      0.00      0.00
03:00:05         0.16     25.73    288.66      0.00    236.39      0.00      0.00      0.00      0.00
03:10:01         0.11     26.34    291.10      0.00    238.54      0.00      0.00      0.00      0.00
03:20:05         0.36     25.68    296.58      0.00    242.18      0.00      0.00      0.00      0.00
03:30:00         0.15     25.13    300.80      0.00    245.80      0.00      0.00      0.00      0.00
03:40:05         0.15     24.70    261.07      0.00    213.49      0.00      0.00      0.00      0.00
03:50:05         0.27     25.89    290.26      0.00    237.60      0.00      0.00      0.00      0.00
04:00:05         0.12     25.53    290.24      0.00    237.61      0.00      0.00      0.00      0.00
04:10:00         0.09     98.27    309.32      0.01    238.61      0.00      0.00      0.00      0.00
04:20:05         0.21    173.08    301.11      0.02    215.76      0.00      0.00      0.00      0.00
04:30:05         0.15     31.11    303.97      0.00    248.09      0.00      0.00      0.00      0.00
04:40:05         0.11     26.73    288.52      0.00    236.10      0.00      0.00      0.00      0.00
04:50:05         0.17     24.94    290.38      0.00    237.59      0.00      0.00      0.00      0.00
05:00:05         0.17     27.17    290.53      0.00    237.58      0.00      0.00      0.00      0.00
05:10:05         0.08     25.81    264.20      0.00    214.72      0.00      0.00      0.00      0.00
05:20:05         0.17     27.42    290.55      0.00    238.08      0.00      0.00      0.00      0.00
05:30:05         0.43     27.35    298.89      0.00    243.46      0.00      0.00      0.00      0.00
05:40:05         0.11     26.44    288.58      0.00    235.91      0.00      0.00      0.00      0.00
05:50:00         0.32     30.01    362.85      0.00    292.00      0.00      0.00      0.00      0.00
06:00:05       501.37     30.57    369.98      0.19    281.36      0.00      0.00      0.00      0.00
06:10:00       638.41     29.38    359.75      0.21    273.00      0.00      0.00      0.00      0.00
06:20:05      2733.45    469.27    808.68      1.15    682.77      0.00      0.00      0.00      0.00
06:30:05       183.66     31.01    366.98      0.06    295.14      0.00      0.00      0.00      0.00
06:40:05         0.15     27.17    320.45      0.00    256.09      0.00      0.00      0.00      0.00
06:50:05         0.09     28.00    265.95      0.00    216.52      0.00      0.00      0.00      0.00
07:00:05         0.09     27.83    290.81      0.00    237.48      0.00      0.00      0.00      0.00
07:10:05         0.09     27.86    288.82      0.00    235.94      0.00      0.00      0.00      0.00
07:20:05         0.17     25.87    291.59      0.00    237.84      0.00      0.00      0.00      0.00
07:30:05         7.94     33.64    303.37      0.01    247.73      0.00      0.00      0.00      0.00
07:40:05         0.04     25.93    262.85      0.00    214.47      0.00      0.00      0.00      0.00
07:50:05         0.29     29.36    290.90      0.00    237.29      0.00      0.00      0.00      0.00
08:00:05         0.15     29.21    297.07      0.00    242.25      0.00      0.00      0.00      0.00
08:10:05         0.08     28.73    287.69      0.00    235.20      0.00      0.00      0.00      0.00
08:20:05         0.17     26.78    291.72      0.00    237.78      0.00      0.00      0.00      0.00
08:30:03         0.00     15.66    114.38      0.00     90.17      0.00      0.00      0.00      0.00
08:40:05         0.12     14.88    115.64      0.00     91.02      0.00      0.00      0.00      0.00
08:50:05         0.03     28.17    290.90      0.00    237.30      0.00      0.00      0.00      0.00
09:00:00         0.09     26.33    266.49      0.00    216.27      0.00      0.00      0.00      0.00
09:10:04         0.00     12.56     80.30      0.00     63.14      0.00      0.00      0.00      0.00
09:20:05         0.01     17.33    134.75      0.00    106.98      0.00      0.00      0.00      0.00
09:30:05         0.13     19.05    195.41      0.00    157.13      0.00      0.00      0.00      0.00
09:40:05         0.12     31.05    295.54      0.00    240.82      0.00      0.00      0.00      0.00
09:50:05         0.11     28.35    290.75      0.00    237.28      0.00      0.00      0.00      0.00
10:00:03         0.24     25.83    267.16      0.00    216.62      0.00      0.00      0.00      0.00
10:10:03        12.03     40.85    722.00      0.04    542.09      0.00      0.00      0.00      0.00
10:20:05       117.18     28.98    343.24      0.08    261.13      0.00      0.00      0.00      0.00
10:30:05         1.82     26.89    299.67      0.01    228.76      0.00      0.00      0.00      0.00
10:40:05        90.81     17.23     58.26      0.03     39.27      0.00      0.00      0.00      0.00
10:50:03         0.48     15.83     33.11      0.00     21.97      0.00      0.00      0.00      0.00
11:00:05         0.03     13.49     31.02      0.00     20.75      0.00      0.00      0.00      0.00
11:10:05         0.04      9.97     31.57      0.00     20.87      0.00      0.00      0.00      0.00
11:20:05         0.13     13.91     33.91      0.00     22.51      0.00      0.00      0.00      0.00
11:30:03         0.17     61.95     44.32      0.00     22.11      0.00      0.00      0.00      0.00
11:40:05         0.09     16.72     31.88      0.00     20.77      0.00      0.00      0.00      0.00
11:50:05         0.16     16.13     37.68      0.00     26.93      0.00      0.00      0.00      0.00
12:00:05         0.05     16.59     32.86      0.00     22.15      0.00      0.00      0.00      0.00
12:10:03         0.01     16.58     31.37      0.00     20.99      0.00      0.00      0.00      0.00
12:20:05         0.47     17.52     33.95      0.00     22.73      0.00      0.00      0.00      0.00
12:30:03         0.07     16.22     32.96      0.00     22.16      0.00      0.00      0.00      0.00
12:40:05         0.03     16.84     36.92      0.00     25.68      0.00      0.00      0.00      0.00
12:50:05         0.08     16.63     32.91      0.00     22.04      0.00      0.00      0.00      0.00
13:00:05         0.07     16.58     32.97      0.00     21.98      0.00      0.00      0.00      0.00
13:10:03         0.00     16.62     29.97      0.00     20.13      0.00      0.00      0.00      0.00
13:20:05         0.05     17.48     39.86      0.00     27.27      0.00      0.00      0.00      0.00
13:30:05     18655.82     19.67   7623.89      0.05   4377.28    649.51      0.00   1297.55    199.77
13:40:05         0.90    166.69    128.62      0.00    165.73      0.00      0.00      0.00      0.00
13:50:03         0.05     16.22     31.13      0.00     20.92      0.00      0.00      0.00      0.00
14:00:05         0.15     16.56     32.99      0.00     22.00      0.00      0.00      0.00      0.00
14:10:01         0.04     16.01     33.38      0.00     22.16      0.00      0.00      0.00      0.00
14:20:05         0.04     16.92     32.00      0.00     21.15      0.00      0.00      0.00      0.00
14:30:03         0.11     16.75     33.19      0.00     22.18      0.00      0.00      0.00      0.00
14:40:05         0.04     16.38     33.06      0.00     21.84      0.00      0.00      0.00      0.00
14:50:05         6.01     19.31     97.43      0.07    130.95     55.44      0.00    110.88    200.00
15:00:05      6274.59     24.62   3178.55      0.64   4655.02   3105.98      0.00   6211.80    199.99
15:10:03      2136.99     33.92   1010.56      4.20   1528.64    685.14      0.00   1361.24    198.68
15:20:00       350.59     29.15    341.06      0.47    302.87      0.00      0.00      0.00      0.00
15:30:05         0.07     21.35     85.96      0.00     61.23      0.00      0.00      0.00      0.00
15:40:05        15.99     17.23     56.61      0.01     39.66      0.00      0.00      0.00      0.00
15:50:05         3.41     17.03     40.20      0.03     25.68      0.00      0.00      0.00      0.00
16:00:05         0.01     16.22     36.14      0.00     22.12      0.00      0.00      0.00      0.00
16:10:03         0.09     16.06     37.18      0.00     22.17      0.00      0.00      0.00      0.00
16:20:05         0.01     16.83     40.03      0.00     26.07      0.00      0.00      0.00      0.00
16:30:05         0.07     15.97     36.11      0.00     21.97      0.00      0.00      0.00      0.00
16:40:03         0.06     16.60     36.32      0.00     22.13      0.00      0.00      0.00      0.00
16:50:03         0.23     16.23     34.22      0.00     20.91      0.00      0.00      0.00      0.00
17:00:05         1.17     16.94     36.13      0.01     22.06      0.00      0.00      0.00      0.00
17:10:05         0.05     16.22     36.17      0.00     22.12      0.00      0.00      0.00      0.00
17:20:05         0.01     16.39     35.17      0.00     21.42      0.00      0.00      0.00      0.00
17:30:03         0.13     17.25     42.35      0.00     26.92      0.00      0.00      0.00      0.00
17:40:05         0.16     15.94     36.08      0.00     22.03      0.00      0.00      0.00      0.00
17:50:05         0.01     15.47     34.10      0.00     20.87      0.00      0.00      0.00      0.00
18:00:05         0.07     16.29     36.24      0.00     22.06      0.00      0.00      0.00      0.00
18:10:05         0.08     16.01     42.20      0.00     26.83      0.00      0.00      0.00      0.00
18:20:05         0.04     16.34     35.16      0.00     21.45      0.00      0.00      0.00      0.00
18:30:05         0.04     15.73     36.13      0.00     22.08      0.00      0.00      0.00      0.00
18:40:02         0.05     15.56     34.70      0.00     21.19      0.00      0.00      0.00      0.00
18:50:05         0.07     15.37     35.55      0.00     21.60      0.00      0.00      0.00      0.00
19:00:05         0.11     16.26     36.15      0.00     22.05      0.00      0.00      0.00      0.00
19:10:05         0.00     15.93     42.12      0.00     26.99      0.00      0.00      0.00      0.00
19:20:05         0.05     16.29     35.19      0.00     21.45      0.00      0.00      0.00      0.00
19:30:05         0.16     15.76     36.20      0.00     22.11      0.00      0.00      0.00      0.00
19:40:05         0.12     15.85     36.22      0.00     22.09      0.00      0.00      0.00      0.00
19:50:05         0.01     15.74     32.57      0.00     19.87      0.00      0.00      0.00      0.00
20:00:05        70.42     25.86    243.01      0.64    181.97      0.00      0.00      0.00      0.00
20:10:05         0.05     20.41    136.16      0.00     95.77      0.00      0.00      0.00      0.00
20:20:05         0.00     17.47     71.87      0.00     50.41      0.00      0.00      0.00      0.00
20:30:05         0.04     15.76     36.10      0.00     21.98      0.00      0.00      0.00      0.00
20:40:05         0.03     15.75     36.20      0.00     22.05      0.00      0.00      0.00      0.00
20:50:05         0.00     17.58     40.37      0.00     25.63      0.00      0.00      0.00      0.00
21:00:05         0.03     16.01     36.17      0.00     22.06      0.00      0.00      0.00      0.00
21:10:05         0.04     15.70     36.18      0.00     21.85      0.00      0.00      0.00      0.00
21:20:05         0.07     16.02     35.23      0.00     21.39      0.00      0.00      0.00      0.00
21:30:05         0.01     15.65     36.07      0.00     21.92      0.00      0.00      0.00      0.00
21:40:05         0.05     14.79     36.03      0.00     22.05      0.00      0.00      0.00      0.00
21:50:05         0.04     16.05     34.22      0.00     20.84      0.00      0.00      0.00      0.00
22:00:05         0.05     16.69     42.18      0.00     27.29      0.00      0.00      0.00      0.00
22:10:05         0.04     16.02     36.30      0.00     22.03      0.00      0.00      0.00      0.00
22:20:05         0.00     15.32     35.09      0.00     21.37      0.00      0.00      0.00      0.00
22:30:05         0.07     16.30     36.23      0.00     21.95      0.00      0.00      0.00      0.00
22:40:05         0.08     15.62     36.15      0.00     22.01      0.00      0.00      0.00      0.00
22:50:05         0.01     16.11     34.20      0.00     20.77      0.00      0.00      0.00      0.00
23:00:05         0.08     16.12     42.08      0.00     26.89      0.00      0.00      0.00      0.00
23:10:05         0.05     16.13     36.27      0.00     22.08      0.00      0.00      0.00      0.00
23:20:05         0.04     16.21     35.21      0.00     21.44      0.00      0.00      0.00      0.00
23:30:05         0.00     15.03     36.03      0.00     22.00      0.00      0.00      0.00      0.00
23:40:05         0.11     16.00     36.27      0.00     21.96      0.00      0.00      0.00      0.00
23:50:05         0.07     15.61     40.05      0.00     25.45      0.00      0.00      0.00      0.00
Average:       232.21     26.46    220.83      0.08    182.30     32.33      0.00     64.59    199.76
